# t x y z theta
0.000 0.000000 0.000000 1.500000 1.570796
0.020 0.000000 0.010000 1.500000 1.570796
0.040 0.000000 0.020000 1.500000 1.570796
0.060 0.000000 0.030000 1.500000 1.570796
0.080 0.000000 0.040000 1.500000 1.570796
0.100 0.000000 0.050000 1.500000 1.570796
0.120 0.000000 0.060000 1.500000 1.570796
0.140 0.000000 0.070000 1.500000 1.570796
0.160 0.000000 0.080000 1.500000 1.570796
0.180 0.000000 0.090000 1.500000 1.570796
0.200 0.000000 0.100000 1.500000 1.570796
0.220 0.000000 0.110000 1.500000 1.570796
0.240 0.000000 0.120000 1.500000 1.570796
0.260 0.000000 0.130000 1.500000 1.570796
0.280 0.000000 0.140000 1.500000 1.570796
0.300 0.000000 0.150000 1.500000 1.570796
0.320 0.000000 0.160000 1.500000 1.570796
0.340 0.000000 0.170000 1.500000 1.570796
0.360 0.000000 0.180000 1.500000 1.570796
0.380 0.000000 0.190000 1.500000 1.570796
0.400 0.000000 0.200000 1.500000 1.570796
0.420 0.000000 0.210000 1.500000 1.570796
0.440 0.000000 0.220000 1.500000 1.570796
0.460 0.000000 0.230000 1.500000 1.570796
0.480 0.000000 0.240000 1.500000 1.570796
0.500 0.000000 0.250000 1.500000 1.570796
0.520 0.000000 0.260000 1.500000 1.570796
0.540 0.000000 0.270000 1.500000 1.570796
0.560 0.000000 0.280000 1.500000 1.570796
0.580 0.000000 0.290000 1.500000 1.570796
0.600 0.000000 0.300000 1.500000 1.570796
0.620 0.000000 0.310000 1.500000 1.570796
0.640 0.000000 0.320000 1.500000 1.570796
0.660 0.000000 0.330000 1.500000 1.570796
0.680 0.000000 0.340000 1.500000 1.570796
0.700 0.000000 0.350000 1.500000 1.570796
0.720 0.000000 0.360000 1.500000 1.570796
0.740 0.000000 0.370000 1.500000 1.570796
0.760 0.000000 0.380000 1.500000 1.570796
0.780 0.000000 0.390000 1.500000 1.570796
0.800 0.000000 0.400000 1.500000 1.570796
0.820 0.000000 0.410000 1.500000 1.570796
0.840 0.000000 0.420000 1.500000 1.570796
0.860 0.000000 0.430000 1.500000 1.570796
0.880 0.000000 0.440000 1.500000 1.570796
0.900 0.000000 0.450000 1.500000 1.570796
0.920 0.000000 0.460000 1.500000 1.570796
0.940 0.000000 0.470000 1.500000 1.570796
0.960 0.000000 0.480000 1.500000 1.570796
0.980 0.000000 0.490000 1.500000 1.570796
1.000 0.000000 0.500000 1.500000 1.570796
1.020 0.000000 0.510000 1.500000 1.570796
1.040 0.000000 0.520000 1.500000 1.570796
1.060 0.000000 0.530000 1.500000 1.570796
1.080 0.000000 0.540000 1.500000 1.570796
1.100 0.000000 0.550000 1.500000 1.570796
1.120 0.000000 0.560000 1.500000 1.570796
1.140 0.000000 0.570000 1.500000 1.570796
1.160 0.000000 0.580000 1.500000 1.570796
1.180 0.000000 0.590000 1.500000 1.570796
1.200 0.000000 0.600000 1.500000 1.570796
1.220 0.000000 0.610000 1.500000 1.570796
1.240 0.000000 0.620000 1.500000 1.570796
1.260 0.000000 0.630000 1.500000 1.570796
1.280 0.000000 0.640000 1.500000 1.570796
1.300 0.000000 0.650000 1.500000 1.570796
1.320 0.000000 0.660000 1.500000 1.570796
1.340 0.000000 0.670000 1.500000 1.570796
1.360 0.000000 0.680000 1.500000 1.570796
1.380 0.000000 0.690000 1.500000 1.570796
1.400 0.000000 0.700000 1.500000 1.570796
1.420 0.000000 0.710000 1.500000 1.570796
1.440 0.000000 0.720000 1.500000 1.570796
1.460 0.000000 0.730000 1.500000 1.570796
1.480 0.000000 0.740000 1.500000 1.570796
1.500 0.000000 0.750000 1.500000 1.570796
1.520 0.000000 0.760000 1.500000 1.570796
1.540 0.000000 0.770000 1.500000 1.570796
1.560 0.000000 0.780000 1.500000 1.570796
1.580 0.000000 0.790000 1.500000 1.570796
1.600 0.000000 0.800000 1.500000 1.570796
1.620 0.000000 0.810000 1.500000 1.570796
1.640 0.000000 0.820000 1.500000 1.570796
1.660 0.000000 0.830000 1.500000 1.570796
1.680 0.000000 0.840000 1.500000 1.570796
1.700 0.000000 0.850000 1.500000 1.570796
1.720 0.000000 0.860000 1.500000 1.570796
1.740 0.000000 0.870000 1.500000 1.570796
1.760 0.000000 0.880000 1.500000 1.570796
1.780 0.000000 0.890000 1.500000 1.570796
1.800 0.000000 0.900000 1.500000 1.570796
1.820 0.000000 0.910000 1.500000 1.570796
1.840 0.000000 0.920000 1.500000 1.570796
1.860 0.000000 0.930000 1.500000 1.570796
1.880 0.000000 0.940000 1.500000 1.570796
1.900 0.000000 0.950000 1.500000 1.570796
1.920 0.000000 0.960000 1.500000 1.570796
1.940 0.000000 0.970000 1.500000 1.570796
1.960 0.000000 0.980000 1.500000 1.570796
1.980 0.000000 0.990000 1.500000 1.570796
2.000 0.000000 1.000000 1.500000 1.570796
2.020 0.000000 1.010000 1.500000 1.570796
2.040 0.000000 1.020000 1.500000 1.570796
2.060 0.000000 1.030000 1.500000 1.570796
2.080 0.000000 1.040000 1.500000 1.570796
2.100 0.000000 1.050000 1.500000 1.570796
2.120 0.000000 1.060000 1.500000 1.570796
2.140 0.000000 1.070000 1.500000 1.570796
2.160 0.000000 1.080000 1.500000 1.570796
2.180 0.000000 1.090000 1.500000 1.570796
2.200 0.000000 1.100000 1.500000 1.570796
2.220 0.000000 1.110000 1.500000 1.570796
2.240 0.000000 1.120000 1.500000 1.570796
2.260 0.000000 1.130000 1.500000 1.570796
2.280 0.000000 1.140000 1.500000 1.570796
2.300 0.000000 1.150000 1.500000 1.570796
2.320 0.000000 1.160000 1.500000 1.570796
2.340 0.000000 1.170000 1.500000 1.570796
2.360 0.000000 1.180000 1.500000 1.570796
2.380 0.000000 1.190000 1.500000 1.570796
2.400 0.000000 1.200000 1.500000 1.570796
2.420 0.000000 1.210000 1.500000 1.570796
2.440 0.000000 1.220000 1.500000 1.570796
2.460 0.000000 1.230000 1.500000 1.570796
2.480 0.000000 1.240000 1.500000 1.570796
2.500 0.000000 1.250000 1.500000 1.570796
2.520 0.000000 1.260000 1.500000 1.570796
2.540 0.000000 1.270000 1.500000 1.570796
2.560 0.000000 1.280000 1.500000 1.570796
2.580 0.000000 1.290000 1.500000 1.570796
2.600 0.000000 1.300000 1.500000 1.570796
2.620 0.000000 1.310000 1.500000 1.570796
2.640 0.000000 1.320000 1.500000 1.570796
2.660 0.000000 1.330000 1.500000 1.570796
2.680 0.000000 1.340000 1.500000 1.570796
2.700 0.000000 1.350000 1.500000 1.570796
2.720 0.000000 1.360000 1.500000 1.570796
2.740 0.000000 1.370000 1.500000 1.570796
2.760 0.000000 1.380000 1.500000 1.570796
2.780 0.000000 1.390000 1.500000 1.570796
2.800 0.000000 1.400000 1.500000 1.570796
2.820 0.000000 1.410000 1.500000 1.570796
2.840 0.000000 1.420000 1.500000 1.570796
2.860 0.000000 1.430000 1.500000 1.570796
2.880 0.000000 1.440000 1.500000 1.570796
2.900 0.000000 1.450000 1.500000 1.570796
2.920 0.000000 1.460000 1.500000 1.570796
2.940 0.000000 1.470000 1.500000 1.570796
2.960 0.000000 1.480000 1.500000 1.570796
2.980 0.000000 1.490000 1.500000 1.570796
3.000 0.000000 1.500000 1.500000 1.570796
3.020 0.000000 1.510000 1.500000 1.570796
3.040 0.000000 1.520000 1.500000 1.570796
3.060 0.000000 1.530000 1.500000 1.570796
3.080 0.000000 1.540000 1.500000 1.570796
3.100 0.000000 1.550000 1.500000 1.570796
3.120 0.000000 1.560000 1.500000 1.570796
3.140 0.000000 1.570000 1.500000 1.570796
3.160 0.000000 1.580000 1.500000 1.570796
3.180 0.000000 1.590000 1.500000 1.570796
3.200 0.000000 1.600000 1.500000 1.570796
3.220 0.000000 1.610000 1.500000 1.570796
3.240 0.000000 1.620000 1.500000 1.570796
3.260 0.000000 1.630000 1.500000 1.570796
3.280 0.000000 1.640000 1.500000 1.570796
3.300 0.000000 1.650000 1.500000 1.570796
3.320 0.000000 1.660000 1.500000 1.570796
3.340 0.000000 1.670000 1.500000 1.570796
3.360 0.000000 1.680000 1.500000 1.570796
3.380 0.000000 1.690000 1.500000 1.570796
3.400 0.000000 1.700000 1.500000 1.570796
3.420 0.000000 1.710000 1.500000 1.570796
3.440 0.000000 1.720000 1.500000 1.570796
3.460 0.000000 1.730000 1.500000 1.570796
3.480 0.000000 1.740000 1.500000 1.570796
3.500 0.000000 1.750000 1.500000 1.570796
3.520 0.000000 1.760000 1.500000 1.570796
3.540 0.000000 1.770000 1.500000 1.570796
3.560 0.000000 1.780000 1.500000 1.570796
3.580 0.000000 1.790000 1.500000 1.570796
3.600 0.000000 1.800000 1.500000 1.570796
3.620 0.000000 1.810000 1.500000 1.570796
3.640 0.000000 1.820000 1.500000 1.570796
3.660 0.000000 1.830000 1.500000 1.570796
3.680 0.000000 1.840000 1.500000 1.570796
3.700 0.000000 1.850000 1.500000 1.570796
3.720 0.000000 1.860000 1.500000 1.570796
3.740 0.000000 1.870000 1.500000 1.570796
3.760 0.000000 1.880000 1.500000 1.570796
3.780 0.000000 1.890000 1.500000 1.570796
3.800 0.000000 1.900000 1.500000 1.570796
3.820 0.000000 1.910000 1.500000 1.570796
3.840 0.000000 1.920000 1.500000 1.570796
3.860 0.000000 1.930000 1.500000 1.570796
3.880 0.000000 1.940000 1.500000 1.570796
3.900 0.000000 1.950000 1.500000 1.570796
3.920 0.000000 1.960000 1.500000 1.570796
3.940 0.000000 1.970000 1.500000 1.570796
3.960 0.000000 1.980000 1.500000 1.570796
3.980 0.000000 1.990000 1.500000 1.570796
4.000 0.000000 2.000000 1.500000 1.570796
4.020 0.000000 2.010000 1.500000 1.570796
4.040 0.000000 2.020000 1.500000 1.570796
4.060 0.000000 2.030000 1.500000 1.570796
4.080 0.000000 2.040000 1.500000 1.570796
4.100 0.000000 2.050000 1.500000 1.570796
4.120 0.000000 2.060000 1.500000 1.570796
4.140 0.000000 2.070000 1.500000 1.570796
4.160 0.000000 2.080000 1.500000 1.570796
4.180 0.000000 2.090000 1.500000 1.570796
4.200 0.000000 2.100000 1.500000 1.570796
4.220 0.000000 2.110000 1.500000 1.570796
4.240 0.000000 2.120000 1.500000 1.570796
4.260 0.000000 2.130000 1.500000 1.570796
4.280 0.000000 2.140000 1.500000 1.570796
4.300 0.000000 2.150000 1.500000 1.570796
4.320 0.000000 2.160000 1.500000 1.570796
4.340 0.000000 2.170000 1.500000 1.570796
4.360 0.000000 2.180000 1.500000 1.570796
4.380 0.000000 2.190000 1.500000 1.570796
4.400 0.000000 2.200000 1.500000 1.570796
4.420 0.000000 2.210000 1.500000 1.570796
4.440 0.000000 2.220000 1.500000 1.570796
4.460 0.000000 2.230000 1.500000 1.570796
4.480 0.000000 2.240000 1.500000 1.570796
4.500 0.000000 2.250000 1.500000 1.570796
4.520 0.000000 2.260000 1.500000 1.570796
4.540 0.000000 2.270000 1.500000 1.570796
4.560 0.000000 2.280000 1.500000 1.570796
4.580 0.000000 2.290000 1.500000 1.570796
4.600 0.000000 2.300000 1.500000 1.570796
4.620 0.000000 2.310000 1.500000 1.570796
4.640 0.000000 2.320000 1.500000 1.570796
4.660 0.000000 2.330000 1.500000 1.570796
4.680 0.000000 2.340000 1.500000 1.570796
4.700 0.000000 2.350000 1.500000 1.570796
4.720 0.000000 2.360000 1.500000 1.570796
4.740 0.000000 2.370000 1.500000 1.570796
4.760 0.000000 2.380000 1.500000 1.570796
4.780 0.000000 2.390000 1.500000 1.570796
4.800 0.000000 2.400000 1.500000 1.570796
4.820 0.000000 2.410000 1.500000 1.570796
4.840 0.000000 2.420000 1.500000 1.570796
4.860 0.000000 2.430000 1.500000 1.570796
4.880 0.000000 2.440000 1.500000 1.570796
4.900 0.000000 2.450000 1.500000 1.570796
4.920 0.000000 2.460000 1.500000 1.570796
4.940 0.000000 2.470000 1.500000 1.570796
4.960 0.000000 2.480000 1.500000 1.570796
4.980 0.000000 2.490000 1.500000 1.570796
5.000 0.000000 2.500000 1.500000 1.570796
5.020 0.000000 2.510000 1.500000 1.570796
5.040 0.000000 2.520000 1.500000 1.570796
5.060 0.000000 2.530000 1.500000 1.570796
5.080 0.000000 2.540000 1.500000 1.570796
5.100 0.000000 2.550000 1.500000 1.570796
5.120 0.000000 2.560000 1.500000 1.570796
5.140 0.000000 2.570000 1.500000 1.570796
5.160 0.000000 2.580000 1.500000 1.570796
5.180 0.000000 2.590000 1.500000 1.570796
5.200 0.000000 2.600000 1.500000 1.570796
5.220 0.000000 2.610000 1.500000 1.570796
5.240 0.000000 2.620000 1.500000 1.570796
5.260 0.000000 2.630000 1.500000 1.570796
5.280 0.000000 2.640000 1.500000 1.570796
5.300 0.000000 2.650000 1.500000 1.570796
5.320 0.000000 2.660000 1.500000 1.570796
5.340 0.000000 2.670000 1.500000 1.570796
5.360 0.000000 2.680000 1.500000 1.570796
5.380 0.000000 2.690000 1.500000 1.570796
5.400 0.000000 2.700000 1.500000 1.570796
5.420 0.000000 2.710000 1.500000 1.570796
5.440 0.000000 2.720000 1.500000 1.570796
5.460 0.000000 2.730000 1.500000 1.570796
5.480 0.000000 2.740000 1.500000 1.570796
5.500 0.000000 2.750000 1.500000 1.570796
5.520 0.000000 2.760000 1.500000 1.570796
5.540 0.000000 2.770000 1.500000 1.570796
5.560 0.000000 2.780000 1.500000 1.570796
5.580 0.000000 2.790000 1.500000 1.570796
5.600 0.000000 2.800000 1.500000 1.570796
5.620 0.000000 2.810000 1.500000 1.570796
5.640 0.000000 2.820000 1.500000 1.570796
5.660 0.000000 2.830000 1.500000 1.570796
5.680 0.000000 2.840000 1.500000 1.570796
5.700 0.000000 2.850000 1.500000 1.570796
5.720 0.000000 2.860000 1.500000 1.570796
5.740 0.000000 2.870000 1.500000 1.570796
5.760 0.000000 2.880000 1.500000 1.570796
5.780 0.000000 2.890000 1.500000 1.570796
5.800 0.000000 2.900000 1.500000 1.570796
5.820 0.000000 2.910000 1.500000 1.570796
5.840 0.000000 2.920000 1.500000 1.570796
5.860 0.000000 2.930000 1.500000 1.570796
5.880 0.000000 2.940000 1.500000 1.570796
5.900 0.000000 2.950000 1.500000 1.570796
5.920 0.000000 2.960000 1.500000 1.570796
5.940 0.000000 2.970000 1.500000 1.570796
5.960 0.000000 2.980000 1.500000 1.570796
5.980 0.000000 2.990000 1.500000 1.570796
6.000 0.000000 3.000000 1.500000 1.570796
6.020 0.000000 3.010000 1.500000 1.570796
6.040 0.000000 3.020000 1.500000 1.570796
6.060 0.000000 3.030000 1.500000 1.570796
6.080 0.000000 3.040000 1.500000 1.570796
6.100 0.000000 3.050000 1.500000 1.570796
6.120 0.000000 3.060000 1.500000 1.570796
6.140 0.000000 3.070000 1.500000 1.570796
6.160 0.000000 3.080000 1.500000 1.570796
6.180 0.000000 3.090000 1.500000 1.570796
6.200 0.000000 3.100000 1.500000 1.570796
6.220 0.000000 3.110000 1.500000 1.570796
6.240 0.000000 3.120000 1.500000 1.570796
6.260 0.000000 3.130000 1.500000 1.570796
6.280 0.000000 3.140000 1.500000 1.570796
6.300 0.000000 3.150000 1.500000 1.570796
6.320 0.000000 3.160000 1.500000 1.570796
6.340 0.000000 3.170000 1.500000 1.570796
6.360 0.000000 3.180000 1.500000 1.570796
6.380 0.000000 3.190000 1.500000 1.570796
6.400 0.000000 3.200000 1.500000 1.570796
6.420 0.000000 3.210000 1.500000 1.570796
6.440 0.000000 3.220000 1.500000 1.570796
6.460 0.000000 3.230000 1.500000 1.570796
6.480 0.000000 3.240000 1.500000 1.570796
6.500 0.000000 3.250000 1.500000 1.570796
6.520 0.000000 3.260000 1.500000 1.570796
6.540 0.000000 3.270000 1.500000 1.570796
6.560 0.000000 3.280000 1.500000 1.570796
6.580 0.000000 3.290000 1.500000 1.570796
6.600 0.000000 3.300000 1.500000 1.570796
6.620 0.000000 3.310000 1.500000 1.570796
6.640 0.000000 3.320000 1.500000 1.570796
6.660 0.000000 3.330000 1.500000 1.570796
6.680 0.000000 3.340000 1.500000 1.570796
6.700 0.000000 3.350000 1.500000 1.570796
6.720 0.000000 3.360000 1.500000 1.570796
6.740 0.000000 3.370000 1.500000 1.570796
6.760 0.000000 3.380000 1.500000 1.570796
6.780 0.000000 3.390000 1.500000 1.570796
6.800 0.000000 3.400000 1.500000 1.570796
6.820 0.000000 3.410000 1.500000 1.570796
6.840 0.000000 3.420000 1.500000 1.570796
6.860 0.000000 3.430000 1.500000 1.570796
6.880 0.000000 3.440000 1.500000 1.570796
6.900 0.000000 3.450000 1.500000 1.570796
6.920 0.000000 3.460000 1.500000 1.570796
6.940 0.000000 3.470000 1.500000 1.570796
6.960 0.000000 3.480000 1.500000 1.570796
6.980 0.000000 3.490000 1.500000 1.570796
7.000 0.000000 3.500000 1.500000 1.570796
7.020 0.000000 3.510000 1.500000 1.570796
7.040 0.000000 3.520000 1.500000 1.570796
7.060 0.000000 3.530000 1.500000 1.570796
7.080 0.000000 3.540000 1.500000 1.570796
7.100 0.000000 3.550000 1.500000 1.570796
7.120 0.000000 3.560000 1.500000 1.570796
7.140 0.000000 3.570000 1.500000 1.570796
7.160 0.000000 3.580000 1.500000 1.570796
7.180 0.000000 3.590000 1.500000 1.570796
7.200 0.000000 3.600000 1.500000 1.570796
7.220 0.000000 3.610000 1.500000 1.570796
7.240 0.000000 3.620000 1.500000 1.570796
7.260 0.000000 3.630000 1.500000 1.570796
7.280 0.000000 3.640000 1.500000 1.570796
7.300 0.000000 3.650000 1.500000 1.570796
7.320 0.000000 3.660000 1.500000 1.570796
7.340 0.000000 3.670000 1.500000 1.570796
7.360 0.000000 3.680000 1.500000 1.570796
7.380 0.000000 3.690000 1.500000 1.570796
7.400 0.000000 3.700000 1.500000 1.570796
7.420 0.000000 3.710000 1.500000 1.570796
7.440 0.000000 3.720000 1.500000 1.570796
7.460 0.000000 3.730000 1.500000 1.570796
7.480 0.000000 3.740000 1.500000 1.570796
7.500 0.000000 3.750000 1.500000 1.570796
7.520 0.000000 3.760000 1.500000 1.570796
7.540 0.000000 3.770000 1.500000 1.570796
7.560 0.000000 3.780000 1.500000 1.570796
7.580 0.000000 3.790000 1.500000 1.570796
7.600 0.000000 3.800000 1.500000 1.570796
7.620 0.000000 3.810000 1.500000 1.570796
7.640 0.000000 3.820000 1.500000 1.570796
7.660 0.000000 3.830000 1.500000 1.570796
7.680 0.000000 3.840000 1.500000 1.570796
7.700 0.000000 3.850000 1.500000 1.570796
7.720 0.000000 3.860000 1.500000 1.570796
7.740 0.000000 3.870000 1.500000 1.570796
7.760 0.000000 3.880000 1.500000 1.570796
7.780 0.000000 3.890000 1.500000 1.570796
7.800 0.000000 3.900000 1.500000 1.570796
7.820 0.000000 3.910000 1.500000 1.570796
7.840 0.000000 3.920000 1.500000 1.570796
7.860 0.000000 3.930000 1.500000 1.570796
7.880 0.000000 3.940000 1.500000 1.570796
7.900 0.000000 3.950000 1.500000 1.570796
7.920 0.000000 3.960000 1.500000 1.570796
7.940 0.000000 3.970000 1.500000 1.570796
7.960 0.000000 3.980000 1.500000 1.570796
7.980 0.000000 3.990000 1.500000 1.570796
8.000 0.000000 4.000000 1.500000 1.570796
8.020 0.000000 4.000000 1.500000 1.539380
8.040 0.000000 4.000000 1.500000 1.507964
8.060 0.000000 4.000000 1.500000 1.476549
8.080 0.000000 4.000000 1.500000 1.445133
8.100 0.000000 4.000000 1.500000 1.413717
8.120 0.000000 4.000000 1.500000 1.382301
8.140 0.000000 4.000000 1.500000 1.350885
8.160 0.000000 4.000000 1.500000 1.319469
8.180 0.000000 4.000000 1.500000 1.288053
8.200 0.000000 4.000000 1.500000 1.256637
8.220 0.000000 4.000000 1.500000 1.225221
8.240 0.000000 4.000000 1.500000 1.193805
8.260 0.000000 4.000000 1.500000 1.162389
8.280 0.000000 4.000000 1.500000 1.130973
8.300 0.000000 4.000000 1.500000 1.099557
8.320 0.000000 4.000000 1.500000 1.068142
8.340 0.000000 4.000000 1.500000 1.036726
8.360 0.000000 4.000000 1.500000 1.005310
8.380 0.000000 4.000000 1.500000 0.973894
8.400 0.000000 4.000000 1.500000 0.942478
8.420 0.000000 4.000000 1.500000 0.911062
8.440 0.000000 4.000000 1.500000 0.879646
8.460 0.000000 4.000000 1.500000 0.848230
8.480 0.000000 4.000000 1.500000 0.816814
8.500 0.000000 4.000000 1.500000 0.785398
8.520 0.000000 4.000000 1.500000 0.753982
8.540 0.000000 4.000000 1.500000 0.722566
8.560 0.000000 4.000000 1.500000 0.691150
8.580 0.000000 4.000000 1.500000 0.659734
8.600 0.000000 4.000000 1.500000 0.628319
8.620 0.000000 4.000000 1.500000 0.596903
8.640 0.000000 4.000000 1.500000 0.565487
8.660 0.000000 4.000000 1.500000 0.534071
8.680 0.000000 4.000000 1.500000 0.502655
8.700 0.000000 4.000000 1.500000 0.471239
8.720 0.000000 4.000000 1.500000 0.439823
8.740 0.000000 4.000000 1.500000 0.408407
8.760 0.000000 4.000000 1.500000 0.376991
8.780 0.000000 4.000000 1.500000 0.345575
8.800 0.000000 4.000000 1.500000 0.314159
8.820 0.000000 4.000000 1.500000 0.282743
8.840 0.000000 4.000000 1.500000 0.251327
8.860 0.000000 4.000000 1.500000 0.219911
8.880 0.000000 4.000000 1.500000 0.188496
8.900 0.000000 4.000000 1.500000 0.157080
8.920 0.000000 4.000000 1.500000 0.125664
8.940 0.000000 4.000000 1.500000 0.094248
8.960 0.000000 4.000000 1.500000 0.062832
8.980 0.000000 4.000000 1.500000 0.031416
9.000 0.000000 4.000000 1.500000 0.000000
9.020 0.010000 4.000000 1.500000 0.000000
9.040 0.020000 4.000000 1.500000 0.000000
9.060 0.030000 4.000000 1.500000 0.000000
9.080 0.040000 4.000000 1.500000 0.000000
9.100 0.050000 4.000000 1.500000 0.000000
9.120 0.060000 4.000000 1.500000 0.000000
9.140 0.070000 4.000000 1.500000 0.000000
9.160 0.080000 4.000000 1.500000 0.000000
9.180 0.090000 4.000000 1.500000 0.000000
9.200 0.100000 4.000000 1.500000 0.000000
9.220 0.110000 4.000000 1.500000 0.000000
9.240 0.120000 4.000000 1.500000 0.000000
9.260 0.130000 4.000000 1.500000 0.000000
9.280 0.140000 4.000000 1.500000 0.000000
9.300 0.150000 4.000000 1.500000 0.000000
9.320 0.160000 4.000000 1.500000 0.000000
9.340 0.170000 4.000000 1.500000 0.000000
9.360 0.180000 4.000000 1.500000 0.000000
9.380 0.190000 4.000000 1.500000 0.000000
9.400 0.200000 4.000000 1.500000 0.000000
9.420 0.210000 4.000000 1.500000 0.000000
9.440 0.220000 4.000000 1.500000 0.000000
9.460 0.230000 4.000000 1.500000 0.000000
9.480 0.240000 4.000000 1.500000 0.000000
9.500 0.250000 4.000000 1.500000 0.000000
9.520 0.260000 4.000000 1.500000 0.000000
9.540 0.270000 4.000000 1.500000 0.000000
9.560 0.280000 4.000000 1.500000 0.000000
9.580 0.290000 4.000000 1.500000 0.000000
9.600 0.300000 4.000000 1.500000 0.000000
9.620 0.310000 4.000000 1.500000 0.000000
9.640 0.320000 4.000000 1.500000 0.000000
9.660 0.330000 4.000000 1.500000 0.000000
9.680 0.340000 4.000000 1.500000 0.000000
9.700 0.350000 4.000000 1.500000 0.000000
9.720 0.360000 4.000000 1.500000 0.000000
9.740 0.370000 4.000000 1.500000 0.000000
9.760 0.380000 4.000000 1.500000 0.000000
9.780 0.390000 4.000000 1.500000 0.000000
9.800 0.400000 4.000000 1.500000 0.000000
9.820 0.410000 4.000000 1.500000 0.000000
9.840 0.420000 4.000000 1.500000 0.000000
9.860 0.430000 4.000000 1.500000 0.000000
9.880 0.440000 4.000000 1.500000 0.000000
9.900 0.450000 4.000000 1.500000 0.000000
9.920 0.460000 4.000000 1.500000 0.000000
9.940 0.470000 4.000000 1.500000 0.000000
9.960 0.480000 4.000000 1.500000 0.000000
9.980 0.490000 4.000000 1.500000 0.000000
10.000 0.500000 4.000000 1.500000 0.000000
10.020 0.510000 4.000000 1.500000 0.000000
10.040 0.520000 4.000000 1.500000 0.000000
10.060 0.530000 4.000000 1.500000 0.000000
10.080 0.540000 4.000000 1.500000 0.000000
10.100 0.550000 4.000000 1.500000 0.000000
10.120 0.560000 4.000000 1.500000 0.000000
10.140 0.570000 4.000000 1.500000 0.000000
10.160 0.580000 4.000000 1.500000 0.000000
10.180 0.590000 4.000000 1.500000 0.000000
10.200 0.600000 4.000000 1.500000 0.000000
10.220 0.610000 4.000000 1.500000 0.000000
10.240 0.620000 4.000000 1.500000 0.000000
10.260 0.630000 4.000000 1.500000 0.000000
10.280 0.640000 4.000000 1.500000 0.000000
10.300 0.650000 4.000000 1.500000 0.000000
10.320 0.660000 4.000000 1.500000 0.000000
10.340 0.670000 4.000000 1.500000 0.000000
10.360 0.680000 4.000000 1.500000 0.000000
10.380 0.690000 4.000000 1.500000 0.000000
10.400 0.700000 4.000000 1.500000 0.000000
10.420 0.710000 4.000000 1.500000 0.000000
10.440 0.720000 4.000000 1.500000 0.000000
10.460 0.730000 4.000000 1.500000 0.000000
10.480 0.740000 4.000000 1.500000 0.000000
10.500 0.750000 4.000000 1.500000 0.000000
10.520 0.760000 4.000000 1.500000 0.000000
10.540 0.770000 4.000000 1.500000 0.000000
10.560 0.780000 4.000000 1.500000 0.000000
10.580 0.790000 4.000000 1.500000 0.000000
10.600 0.800000 4.000000 1.500000 0.000000
10.620 0.810000 4.000000 1.500000 0.000000
10.640 0.820000 4.000000 1.500000 0.000000
10.660 0.830000 4.000000 1.500000 0.000000
10.680 0.840000 4.000000 1.500000 0.000000
10.700 0.850000 4.000000 1.500000 0.000000
10.720 0.860000 4.000000 1.500000 0.000000
10.740 0.870000 4.000000 1.500000 0.000000
10.760 0.880000 4.000000 1.500000 0.000000
10.780 0.890000 4.000000 1.500000 0.000000
10.800 0.900000 4.000000 1.500000 0.000000
10.820 0.910000 4.000000 1.500000 0.000000
10.840 0.920000 4.000000 1.500000 0.000000
10.860 0.930000 4.000000 1.500000 0.000000
10.880 0.940000 4.000000 1.500000 0.000000
10.900 0.950000 4.000000 1.500000 0.000000
10.920 0.960000 4.000000 1.500000 0.000000
10.940 0.970000 4.000000 1.500000 0.000000
10.960 0.980000 4.000000 1.500000 0.000000
10.980 0.990000 4.000000 1.500000 0.000000
11.000 1.000000 4.000000 1.500000 0.000000
11.020 1.010000 4.000000 1.500000 0.000000
11.040 1.020000 4.000000 1.500000 0.000000
11.060 1.030000 4.000000 1.500000 0.000000
11.080 1.040000 4.000000 1.500000 0.000000
11.100 1.050000 4.000000 1.500000 0.000000
11.120 1.060000 4.000000 1.500000 0.000000
11.140 1.070000 4.000000 1.500000 0.000000
11.160 1.080000 4.000000 1.500000 0.000000
11.180 1.090000 4.000000 1.500000 0.000000
11.200 1.100000 4.000000 1.500000 0.000000
11.220 1.110000 4.000000 1.500000 0.000000
11.240 1.120000 4.000000 1.500000 0.000000
11.260 1.130000 4.000000 1.500000 0.000000
11.280 1.140000 4.000000 1.500000 0.000000
11.300 1.150000 4.000000 1.500000 0.000000
11.320 1.160000 4.000000 1.500000 0.000000
11.340 1.170000 4.000000 1.500000 0.000000
11.360 1.180000 4.000000 1.500000 0.000000
11.380 1.190000 4.000000 1.500000 0.000000
11.400 1.200000 4.000000 1.500000 0.000000
11.420 1.210000 4.000000 1.500000 0.000000
11.440 1.220000 4.000000 1.500000 0.000000
11.460 1.230000 4.000000 1.500000 0.000000
11.480 1.240000 4.000000 1.500000 0.000000
11.500 1.250000 4.000000 1.500000 0.000000
11.520 1.260000 4.000000 1.500000 0.000000
11.540 1.270000 4.000000 1.500000 0.000000
11.560 1.280000 4.000000 1.500000 0.000000
11.580 1.290000 4.000000 1.500000 0.000000
11.600 1.300000 4.000000 1.500000 0.000000
11.620 1.310000 4.000000 1.500000 0.000000
11.640 1.320000 4.000000 1.500000 0.000000
11.660 1.330000 4.000000 1.500000 0.000000
11.680 1.340000 4.000000 1.500000 0.000000
11.700 1.350000 4.000000 1.500000 0.000000
11.720 1.360000 4.000000 1.500000 0.000000
11.740 1.370000 4.000000 1.500000 0.000000
11.760 1.380000 4.000000 1.500000 0.000000
11.780 1.390000 4.000000 1.500000 0.000000
11.800 1.400000 4.000000 1.500000 0.000000
11.820 1.410000 4.000000 1.500000 0.000000
11.840 1.420000 4.000000 1.500000 0.000000
11.860 1.430000 4.000000 1.500000 0.000000
11.880 1.440000 4.000000 1.500000 0.000000
11.900 1.450000 4.000000 1.500000 0.000000
11.920 1.460000 4.000000 1.500000 0.000000
11.940 1.470000 4.000000 1.500000 0.000000
11.960 1.480000 4.000000 1.500000 0.000000
11.980 1.490000 4.000000 1.500000 0.000000
12.000 1.500000 4.000000 1.500000 0.000000
12.020 1.510000 4.000000 1.500000 0.000000
12.040 1.520000 4.000000 1.500000 0.000000
12.060 1.530000 4.000000 1.500000 0.000000
12.080 1.540000 4.000000 1.500000 0.000000
12.100 1.550000 4.000000 1.500000 0.000000
12.120 1.560000 4.000000 1.500000 0.000000
12.140 1.570000 4.000000 1.500000 0.000000
12.160 1.580000 4.000000 1.500000 0.000000
12.180 1.590000 4.000000 1.500000 0.000000
12.200 1.600000 4.000000 1.500000 0.000000
12.220 1.610000 4.000000 1.500000 0.000000
12.240 1.620000 4.000000 1.500000 0.000000
12.260 1.630000 4.000000 1.500000 0.000000
12.280 1.640000 4.000000 1.500000 0.000000
12.300 1.650000 4.000000 1.500000 0.000000
12.320 1.660000 4.000000 1.500000 0.000000
12.340 1.670000 4.000000 1.500000 0.000000
12.360 1.680000 4.000000 1.500000 0.000000
12.380 1.690000 4.000000 1.500000 0.000000
12.400 1.700000 4.000000 1.500000 0.000000
12.420 1.710000 4.000000 1.500000 0.000000
12.440 1.720000 4.000000 1.500000 0.000000
12.460 1.730000 4.000000 1.500000 0.000000
12.480 1.740000 4.000000 1.500000 0.000000
12.500 1.750000 4.000000 1.500000 0.000000
12.520 1.760000 4.000000 1.500000 0.000000
12.540 1.770000 4.000000 1.500000 0.000000
12.560 1.780000 4.000000 1.500000 0.000000
12.580 1.790000 4.000000 1.500000 0.000000
12.600 1.800000 4.000000 1.500000 0.000000
12.620 1.810000 4.000000 1.500000 0.000000
12.640 1.820000 4.000000 1.500000 0.000000
12.660 1.830000 4.000000 1.500000 0.000000
12.680 1.840000 4.000000 1.500000 0.000000
12.700 1.850000 4.000000 1.500000 0.000000
12.720 1.860000 4.000000 1.500000 0.000000
12.740 1.870000 4.000000 1.500000 0.000000
12.760 1.880000 4.000000 1.500000 0.000000
12.780 1.890000 4.000000 1.500000 0.000000
12.800 1.900000 4.000000 1.500000 0.000000
12.820 1.910000 4.000000 1.500000 0.000000
12.840 1.920000 4.000000 1.500000 0.000000
12.860 1.930000 4.000000 1.500000 0.000000
12.880 1.940000 4.000000 1.500000 0.000000
12.900 1.950000 4.000000 1.500000 0.000000
12.920 1.960000 4.000000 1.500000 0.000000
12.940 1.970000 4.000000 1.500000 0.000000
12.960 1.980000 4.000000 1.500000 0.000000
12.980 1.990000 4.000000 1.500000 0.000000
13.000 2.000000 4.000000 1.500000 0.000000
13.020 2.010000 4.000000 1.500000 0.000000
13.040 2.020000 4.000000 1.500000 0.000000
13.060 2.030000 4.000000 1.500000 0.000000
13.080 2.040000 4.000000 1.500000 0.000000
13.100 2.050000 4.000000 1.500000 0.000000
13.120 2.060000 4.000000 1.500000 0.000000
13.140 2.070000 4.000000 1.500000 0.000000
13.160 2.080000 4.000000 1.500000 0.000000
13.180 2.090000 4.000000 1.500000 0.000000
13.200 2.100000 4.000000 1.500000 0.000000
13.220 2.110000 4.000000 1.500000 0.000000
13.240 2.120000 4.000000 1.500000 0.000000
13.260 2.130000 4.000000 1.500000 0.000000
13.280 2.140000 4.000000 1.500000 0.000000
13.300 2.150000 4.000000 1.500000 0.000000
13.320 2.160000 4.000000 1.500000 0.000000
13.340 2.170000 4.000000 1.500000 0.000000
13.360 2.180000 4.000000 1.500000 0.000000
13.380 2.190000 4.000000 1.500000 0.000000
13.400 2.200000 4.000000 1.500000 0.000000
13.420 2.210000 4.000000 1.500000 0.000000
13.440 2.220000 4.000000 1.500000 0.000000
13.460 2.230000 4.000000 1.500000 0.000000
13.480 2.240000 4.000000 1.500000 0.000000
13.500 2.250000 4.000000 1.500000 0.000000
13.520 2.260000 4.000000 1.500000 0.000000
13.540 2.270000 4.000000 1.500000 0.000000
13.560 2.280000 4.000000 1.500000 0.000000
13.580 2.290000 4.000000 1.500000 0.000000
13.600 2.300000 4.000000 1.500000 0.000000
13.620 2.310000 4.000000 1.500000 0.000000
13.640 2.320000 4.000000 1.500000 0.000000
13.660 2.330000 4.000000 1.500000 0.000000
13.680 2.340000 4.000000 1.500000 0.000000
13.700 2.350000 4.000000 1.500000 0.000000
13.720 2.360000 4.000000 1.500000 0.000000
13.740 2.370000 4.000000 1.500000 0.000000
13.760 2.380000 4.000000 1.500000 0.000000
13.780 2.390000 4.000000 1.500000 0.000000
13.800 2.400000 4.000000 1.500000 0.000000
13.820 2.410000 4.000000 1.500000 0.000000
13.840 2.420000 4.000000 1.500000 0.000000
13.860 2.430000 4.000000 1.500000 0.000000
13.880 2.440000 4.000000 1.500000 0.000000
13.900 2.450000 4.000000 1.500000 0.000000
13.920 2.460000 4.000000 1.500000 0.000000
13.940 2.470000 4.000000 1.500000 0.000000
13.960 2.480000 4.000000 1.500000 0.000000
13.980 2.490000 4.000000 1.500000 0.000000
14.000 2.500000 4.000000 1.500000 0.000000
14.020 2.510000 4.000000 1.500000 0.000000
14.040 2.520000 4.000000 1.500000 0.000000
14.060 2.530000 4.000000 1.500000 0.000000
14.080 2.540000 4.000000 1.500000 0.000000
14.100 2.550000 4.000000 1.500000 0.000000
14.120 2.560000 4.000000 1.500000 0.000000
14.140 2.570000 4.000000 1.500000 0.000000
14.160 2.580000 4.000000 1.500000 0.000000
14.180 2.590000 4.000000 1.500000 0.000000
14.200 2.600000 4.000000 1.500000 0.000000
14.220 2.610000 4.000000 1.500000 0.000000
14.240 2.620000 4.000000 1.500000 0.000000
14.260 2.630000 4.000000 1.500000 0.000000
14.280 2.640000 4.000000 1.500000 0.000000
14.300 2.650000 4.000000 1.500000 0.000000
14.320 2.660000 4.000000 1.500000 0.000000
14.340 2.670000 4.000000 1.500000 0.000000
14.360 2.680000 4.000000 1.500000 0.000000
14.380 2.690000 4.000000 1.500000 0.000000
14.400 2.700000 4.000000 1.500000 0.000000
14.420 2.710000 4.000000 1.500000 0.000000
14.440 2.720000 4.000000 1.500000 0.000000
14.460 2.730000 4.000000 1.500000 0.000000
14.480 2.740000 4.000000 1.500000 0.000000
14.500 2.750000 4.000000 1.500000 0.000000
14.520 2.760000 4.000000 1.500000 0.000000
14.540 2.770000 4.000000 1.500000 0.000000
14.560 2.780000 4.000000 1.500000 0.000000
14.580 2.790000 4.000000 1.500000 0.000000
14.600 2.800000 4.000000 1.500000 0.000000
14.620 2.810000 4.000000 1.500000 0.000000
14.640 2.820000 4.000000 1.500000 0.000000
14.660 2.830000 4.000000 1.500000 0.000000
14.680 2.840000 4.000000 1.500000 0.000000
14.700 2.850000 4.000000 1.500000 0.000000
14.720 2.860000 4.000000 1.500000 0.000000
14.740 2.870000 4.000000 1.500000 0.000000
14.760 2.880000 4.000000 1.500000 0.000000
14.780 2.890000 4.000000 1.500000 0.000000
14.800 2.900000 4.000000 1.500000 0.000000
14.820 2.910000 4.000000 1.500000 0.000000
14.840 2.920000 4.000000 1.500000 0.000000
14.860 2.930000 4.000000 1.500000 0.000000
14.880 2.940000 4.000000 1.500000 0.000000
14.900 2.950000 4.000000 1.500000 0.000000
14.920 2.960000 4.000000 1.500000 0.000000
14.940 2.970000 4.000000 1.500000 0.000000
14.960 2.980000 4.000000 1.500000 0.000000
14.980 2.990000 4.000000 1.500000 0.000000
15.000 3.000000 4.000000 1.500000 0.000000
15.020 3.010000 4.000000 1.500000 0.000000
15.040 3.020000 4.000000 1.500000 0.000000
15.060 3.030000 4.000000 1.500000 0.000000
15.080 3.040000 4.000000 1.500000 0.000000
15.100 3.050000 4.000000 1.500000 0.000000
15.120 3.060000 4.000000 1.500000 0.000000
15.140 3.070000 4.000000 1.500000 0.000000
15.160 3.080000 4.000000 1.500000 0.000000
15.180 3.090000 4.000000 1.500000 0.000000
15.200 3.100000 4.000000 1.500000 0.000000
15.220 3.110000 4.000000 1.500000 0.000000
15.240 3.120000 4.000000 1.500000 0.000000
15.260 3.130000 4.000000 1.500000 0.000000
15.280 3.140000 4.000000 1.500000 0.000000
15.300 3.150000 4.000000 1.500000 0.000000
15.320 3.160000 4.000000 1.500000 0.000000
15.340 3.170000 4.000000 1.500000 0.000000
15.360 3.180000 4.000000 1.500000 0.000000
15.380 3.190000 4.000000 1.500000 0.000000
15.400 3.200000 4.000000 1.500000 0.000000
15.420 3.210000 4.000000 1.500000 0.000000
15.440 3.220000 4.000000 1.500000 0.000000
15.460 3.230000 4.000000 1.500000 0.000000
15.480 3.240000 4.000000 1.500000 0.000000
15.500 3.250000 4.000000 1.500000 0.000000
15.520 3.260000 4.000000 1.500000 0.000000
15.540 3.270000 4.000000 1.500000 0.000000
15.560 3.280000 4.000000 1.500000 0.000000
15.580 3.290000 4.000000 1.500000 0.000000
15.600 3.300000 4.000000 1.500000 0.000000
15.620 3.310000 4.000000 1.500000 0.000000
15.640 3.320000 4.000000 1.500000 0.000000
15.660 3.330000 4.000000 1.500000 0.000000
15.680 3.340000 4.000000 1.500000 0.000000
15.700 3.350000 4.000000 1.500000 0.000000
15.720 3.360000 4.000000 1.500000 0.000000
15.740 3.370000 4.000000 1.500000 0.000000
15.760 3.380000 4.000000 1.500000 0.000000
15.780 3.390000 4.000000 1.500000 0.000000
15.800 3.400000 4.000000 1.500000 0.000000
15.820 3.410000 4.000000 1.500000 0.000000
15.840 3.420000 4.000000 1.500000 0.000000
15.860 3.430000 4.000000 1.500000 0.000000
15.880 3.440000 4.000000 1.500000 0.000000
15.900 3.450000 4.000000 1.500000 0.000000
15.920 3.460000 4.000000 1.500000 0.000000
15.940 3.470000 4.000000 1.500000 0.000000
15.960 3.480000 4.000000 1.500000 0.000000
15.980 3.490000 4.000000 1.500000 0.000000
16.000 3.500000 4.000000 1.500000 0.000000
16.020 3.510000 4.000000 1.500000 0.000000
16.040 3.520000 4.000000 1.500000 0.000000
16.060 3.530000 4.000000 1.500000 0.000000
16.080 3.540000 4.000000 1.500000 0.000000
16.100 3.550000 4.000000 1.500000 0.000000
16.120 3.560000 4.000000 1.500000 0.000000
16.140 3.570000 4.000000 1.500000 0.000000
16.160 3.580000 4.000000 1.500000 0.000000
16.180 3.590000 4.000000 1.500000 0.000000
16.200 3.600000 4.000000 1.500000 0.000000
16.220 3.610000 4.000000 1.500000 0.000000
16.240 3.620000 4.000000 1.500000 0.000000
16.260 3.630000 4.000000 1.500000 0.000000
16.280 3.640000 4.000000 1.500000 0.000000
16.300 3.650000 4.000000 1.500000 0.000000
16.320 3.660000 4.000000 1.500000 0.000000
16.340 3.670000 4.000000 1.500000 0.000000
16.360 3.680000 4.000000 1.500000 0.000000
16.380 3.690000 4.000000 1.500000 0.000000
16.400 3.700000 4.000000 1.500000 0.000000
16.420 3.710000 4.000000 1.500000 0.000000
16.440 3.720000 4.000000 1.500000 0.000000
16.460 3.730000 4.000000 1.500000 0.000000
16.480 3.740000 4.000000 1.500000 0.000000
16.500 3.750000 4.000000 1.500000 0.000000
16.520 3.760000 4.000000 1.500000 0.000000
16.540 3.770000 4.000000 1.500000 0.000000
16.560 3.780000 4.000000 1.500000 0.000000
16.580 3.790000 4.000000 1.500000 0.000000
16.600 3.800000 4.000000 1.500000 0.000000
16.620 3.810000 4.000000 1.500000 0.000000
16.640 3.820000 4.000000 1.500000 0.000000
16.660 3.830000 4.000000 1.500000 0.000000
16.680 3.840000 4.000000 1.500000 0.000000
16.700 3.850000 4.000000 1.500000 0.000000
16.720 3.860000 4.000000 1.500000 0.000000
16.740 3.870000 4.000000 1.500000 0.000000
16.760 3.880000 4.000000 1.500000 0.000000
16.780 3.890000 4.000000 1.500000 0.000000
16.800 3.900000 4.000000 1.500000 0.000000
16.820 3.910000 4.000000 1.500000 0.000000
16.840 3.920000 4.000000 1.500000 0.000000
16.860 3.930000 4.000000 1.500000 0.000000
16.880 3.940000 4.000000 1.500000 0.000000
16.900 3.950000 4.000000 1.500000 0.000000
16.920 3.960000 4.000000 1.500000 0.000000
16.940 3.970000 4.000000 1.500000 0.000000
16.960 3.980000 4.000000 1.500000 0.000000
16.980 3.990000 4.000000 1.500000 0.000000
17.000 4.000000 4.000000 1.500000 0.000000
17.020 4.010000 4.000000 1.500000 0.000000
17.040 4.020000 4.000000 1.500000 0.000000
17.060 4.030000 4.000000 1.500000 0.000000
17.080 4.040000 4.000000 1.500000 0.000000
17.100 4.050000 4.000000 1.500000 0.000000
17.120 4.060000 4.000000 1.500000 0.000000
17.140 4.070000 4.000000 1.500000 0.000000
17.160 4.080000 4.000000 1.500000 0.000000
17.180 4.090000 4.000000 1.500000 0.000000
17.200 4.100000 4.000000 1.500000 0.000000
17.220 4.110000 4.000000 1.500000 0.000000
17.240 4.120000 4.000000 1.500000 0.000000
17.260 4.130000 4.000000 1.500000 0.000000
17.280 4.140000 4.000000 1.500000 0.000000
17.300 4.150000 4.000000 1.500000 0.000000
17.320 4.160000 4.000000 1.500000 0.000000
17.340 4.170000 4.000000 1.500000 0.000000
17.360 4.180000 4.000000 1.500000 0.000000
17.380 4.190000 4.000000 1.500000 0.000000
17.400 4.200000 4.000000 1.500000 0.000000
17.420 4.210000 4.000000 1.500000 0.000000
17.440 4.220000 4.000000 1.500000 0.000000
17.460 4.230000 4.000000 1.500000 0.000000
17.480 4.240000 4.000000 1.500000 0.000000
17.500 4.250000 4.000000 1.500000 0.000000
17.520 4.260000 4.000000 1.500000 0.000000
17.540 4.270000 4.000000 1.500000 0.000000
17.560 4.280000 4.000000 1.500000 0.000000
17.580 4.290000 4.000000 1.500000 0.000000
17.600 4.300000 4.000000 1.500000 0.000000
17.620 4.310000 4.000000 1.500000 0.000000
17.640 4.320000 4.000000 1.500000 0.000000
17.660 4.330000 4.000000 1.500000 0.000000
17.680 4.340000 4.000000 1.500000 0.000000
17.700 4.350000 4.000000 1.500000 0.000000
17.720 4.360000 4.000000 1.500000 0.000000
17.740 4.370000 4.000000 1.500000 0.000000
17.760 4.380000 4.000000 1.500000 0.000000
17.780 4.390000 4.000000 1.500000 0.000000
17.800 4.400000 4.000000 1.500000 0.000000
17.820 4.410000 4.000000 1.500000 0.000000
17.840 4.420000 4.000000 1.500000 0.000000
17.860 4.430000 4.000000 1.500000 0.000000
17.880 4.440000 4.000000 1.500000 0.000000
17.900 4.450000 4.000000 1.500000 0.000000
17.920 4.460000 4.000000 1.500000 0.000000
17.940 4.470000 4.000000 1.500000 0.000000
17.960 4.480000 4.000000 1.500000 0.000000
17.980 4.490000 4.000000 1.500000 0.000000
18.000 4.500000 4.000000 1.500000 0.000000
18.020 4.510000 4.000000 1.500000 0.000000
18.040 4.520000 4.000000 1.500000 0.000000
18.060 4.530000 4.000000 1.500000 0.000000
18.080 4.540000 4.000000 1.500000 0.000000
18.100 4.550000 4.000000 1.500000 0.000000
18.120 4.560000 4.000000 1.500000 0.000000
18.140 4.570000 4.000000 1.500000 0.000000
18.160 4.580000 4.000000 1.500000 0.000000
18.180 4.590000 4.000000 1.500000 0.000000
18.200 4.600000 4.000000 1.500000 0.000000
18.220 4.610000 4.000000 1.500000 0.000000
18.240 4.620000 4.000000 1.500000 0.000000
18.260 4.630000 4.000000 1.500000 0.000000
18.280 4.640000 4.000000 1.500000 0.000000
18.300 4.650000 4.000000 1.500000 0.000000
18.320 4.660000 4.000000 1.500000 0.000000
18.340 4.670000 4.000000 1.500000 0.000000
18.360 4.680000 4.000000 1.500000 0.000000
18.380 4.690000 4.000000 1.500000 0.000000
18.400 4.700000 4.000000 1.500000 0.000000
18.420 4.710000 4.000000 1.500000 0.000000
18.440 4.720000 4.000000 1.500000 0.000000
18.460 4.730000 4.000000 1.500000 0.000000
18.480 4.740000 4.000000 1.500000 0.000000
18.500 4.750000 4.000000 1.500000 0.000000
18.520 4.760000 4.000000 1.500000 0.000000
18.540 4.770000 4.000000 1.500000 0.000000
18.560 4.780000 4.000000 1.500000 0.000000
18.580 4.790000 4.000000 1.500000 0.000000
18.600 4.800000 4.000000 1.500000 0.000000
18.620 4.810000 4.000000 1.500000 0.000000
18.640 4.820000 4.000000 1.500000 0.000000
18.660 4.830000 4.000000 1.500000 0.000000
18.680 4.840000 4.000000 1.500000 0.000000
18.700 4.850000 4.000000 1.500000 0.000000
18.720 4.860000 4.000000 1.500000 0.000000
18.740 4.870000 4.000000 1.500000 0.000000
18.760 4.880000 4.000000 1.500000 0.000000
18.780 4.890000 4.000000 1.500000 0.000000
18.800 4.900000 4.000000 1.500000 0.000000
18.820 4.910000 4.000000 1.500000 0.000000
18.840 4.920000 4.000000 1.500000 0.000000
18.860 4.930000 4.000000 1.500000 0.000000
18.880 4.940000 4.000000 1.500000 0.000000
18.900 4.950000 4.000000 1.500000 0.000000
18.920 4.960000 4.000000 1.500000 0.000000
18.940 4.970000 4.000000 1.500000 0.000000
18.960 4.980000 4.000000 1.500000 0.000000
18.980 4.990000 4.000000 1.500000 0.000000
19.000 5.000000 4.000000 1.500000 0.000000
19.020 5.010000 4.000000 1.500000 0.000000
19.040 5.020000 4.000000 1.500000 0.000000
19.060 5.030000 4.000000 1.500000 0.000000
19.080 5.040000 4.000000 1.500000 0.000000
19.100 5.050000 4.000000 1.500000 0.000000
19.120 5.060000 4.000000 1.500000 0.000000
19.140 5.070000 4.000000 1.500000 0.000000
19.160 5.080000 4.000000 1.500000 0.000000
19.180 5.090000 4.000000 1.500000 0.000000
19.200 5.100000 4.000000 1.500000 0.000000
19.220 5.110000 4.000000 1.500000 0.000000
19.240 5.120000 4.000000 1.500000 0.000000
19.260 5.130000 4.000000 1.500000 0.000000
19.280 5.140000 4.000000 1.500000 0.000000
19.300 5.150000 4.000000 1.500000 0.000000
19.320 5.160000 4.000000 1.500000 0.000000
19.340 5.170000 4.000000 1.500000 0.000000
19.360 5.180000 4.000000 1.500000 0.000000
19.380 5.190000 4.000000 1.500000 0.000000
19.400 5.200000 4.000000 1.500000 0.000000
19.420 5.210000 4.000000 1.500000 0.000000
19.440 5.220000 4.000000 1.500000 0.000000
19.460 5.230000 4.000000 1.500000 0.000000
19.480 5.240000 4.000000 1.500000 0.000000
19.500 5.250000 4.000000 1.500000 0.000000
19.520 5.260000 4.000000 1.500000 0.000000
19.540 5.270000 4.000000 1.500000 0.000000
19.560 5.280000 4.000000 1.500000 0.000000
19.580 5.290000 4.000000 1.500000 0.000000
19.600 5.300000 4.000000 1.500000 0.000000
19.620 5.310000 4.000000 1.500000 0.000000
19.640 5.320000 4.000000 1.500000 0.000000
19.660 5.330000 4.000000 1.500000 0.000000
19.680 5.340000 4.000000 1.500000 0.000000
19.700 5.350000 4.000000 1.500000 0.000000
19.720 5.360000 4.000000 1.500000 0.000000
19.740 5.370000 4.000000 1.500000 0.000000
19.760 5.380000 4.000000 1.500000 0.000000
19.780 5.390000 4.000000 1.500000 0.000000
19.800 5.400000 4.000000 1.500000 0.000000
19.820 5.410000 4.000000 1.500000 0.000000
19.840 5.420000 4.000000 1.500000 0.000000
19.860 5.430000 4.000000 1.500000 0.000000
19.880 5.440000 4.000000 1.500000 0.000000
19.900 5.450000 4.000000 1.500000 0.000000
19.920 5.460000 4.000000 1.500000 0.000000
19.940 5.470000 4.000000 1.500000 0.000000
19.960 5.480000 4.000000 1.500000 0.000000
19.980 5.490000 4.000000 1.500000 0.000000
20.000 5.500000 4.000000 1.500000 0.000000
20.020 5.510000 4.000000 1.500000 0.000000
20.040 5.520000 4.000000 1.500000 0.000000
20.060 5.530000 4.000000 1.500000 0.000000
20.080 5.540000 4.000000 1.500000 0.000000
20.100 5.550000 4.000000 1.500000 0.000000
20.120 5.560000 4.000000 1.500000 0.000000
20.140 5.570000 4.000000 1.500000 0.000000
20.160 5.580000 4.000000 1.500000 0.000000
20.180 5.590000 4.000000 1.500000 0.000000
20.200 5.600000 4.000000 1.500000 0.000000
20.220 5.610000 4.000000 1.500000 0.000000
20.240 5.620000 4.000000 1.500000 0.000000
20.260 5.630000 4.000000 1.500000 0.000000
20.280 5.640000 4.000000 1.500000 0.000000
20.300 5.650000 4.000000 1.500000 0.000000
20.320 5.660000 4.000000 1.500000 0.000000
20.340 5.670000 4.000000 1.500000 0.000000
20.360 5.680000 4.000000 1.500000 0.000000
20.380 5.690000 4.000000 1.500000 0.000000
20.400 5.700000 4.000000 1.500000 0.000000
20.420 5.710000 4.000000 1.500000 0.000000
20.440 5.720000 4.000000 1.500000 0.000000
20.460 5.730000 4.000000 1.500000 0.000000
20.480 5.740000 4.000000 1.500000 0.000000
20.500 5.750000 4.000000 1.500000 0.000000
20.520 5.760000 4.000000 1.500000 0.000000
20.540 5.770000 4.000000 1.500000 0.000000
20.560 5.780000 4.000000 1.500000 0.000000
20.580 5.790000 4.000000 1.500000 0.000000
20.600 5.800000 4.000000 1.500000 0.000000
20.620 5.810000 4.000000 1.500000 0.000000
20.640 5.820000 4.000000 1.500000 0.000000
20.660 5.830000 4.000000 1.500000 0.000000
20.680 5.840000 4.000000 1.500000 0.000000
20.700 5.850000 4.000000 1.500000 0.000000
20.720 5.860000 4.000000 1.500000 0.000000
20.740 5.870000 4.000000 1.500000 0.000000
20.760 5.880000 4.000000 1.500000 0.000000
20.780 5.890000 4.000000 1.500000 0.000000
20.800 5.900000 4.000000 1.500000 0.000000
20.820 5.910000 4.000000 1.500000 0.000000
20.840 5.920000 4.000000 1.500000 0.000000
20.860 5.930000 4.000000 1.500000 0.000000
20.880 5.940000 4.000000 1.500000 0.000000
20.900 5.950000 4.000000 1.500000 0.000000
20.920 5.960000 4.000000 1.500000 0.000000
20.940 5.970000 4.000000 1.500000 0.000000
20.960 5.980000 4.000000 1.500000 0.000000
20.980 5.990000 4.000000 1.500000 0.000000
21.000 6.000000 4.000000 1.500000 0.000000
21.020 6.000000 4.000000 1.500000 -0.031416
21.040 6.000000 4.000000 1.500000 -0.062832
21.060 6.000000 4.000000 1.500000 -0.094248
21.080 6.000000 4.000000 1.500000 -0.125664
21.100 6.000000 4.000000 1.500000 -0.157080
21.120 6.000000 4.000000 1.500000 -0.188496
21.140 6.000000 4.000000 1.500000 -0.219911
21.160 6.000000 4.000000 1.500000 -0.251327
21.180 6.000000 4.000000 1.500000 -0.282743
21.200 6.000000 4.000000 1.500000 -0.314159
21.220 6.000000 4.000000 1.500000 -0.345575
21.240 6.000000 4.000000 1.500000 -0.376991
21.260 6.000000 4.000000 1.500000 -0.408407
21.280 6.000000 4.000000 1.500000 -0.439823
21.300 6.000000 4.000000 1.500000 -0.471239
21.320 6.000000 4.000000 1.500000 -0.502655
21.340 6.000000 4.000000 1.500000 -0.534071
21.360 6.000000 4.000000 1.500000 -0.565487
21.380 6.000000 4.000000 1.500000 -0.596903
21.400 6.000000 4.000000 1.500000 -0.628319
21.420 6.000000 4.000000 1.500000 -0.659734
21.440 6.000000 4.000000 1.500000 -0.691150
21.460 6.000000 4.000000 1.500000 -0.722566
21.480 6.000000 4.000000 1.500000 -0.753982
21.500 6.000000 4.000000 1.500000 -0.785398
21.520 6.000000 4.000000 1.500000 -0.816814
21.540 6.000000 4.000000 1.500000 -0.848230
21.560 6.000000 4.000000 1.500000 -0.879646
21.580 6.000000 4.000000 1.500000 -0.911062
21.600 6.000000 4.000000 1.500000 -0.942478
21.620 6.000000 4.000000 1.500000 -0.973894
21.640 6.000000 4.000000 1.500000 -1.005310
21.660 6.000000 4.000000 1.500000 -1.036726
21.680 6.000000 4.000000 1.500000 -1.068142
21.700 6.000000 4.000000 1.500000 -1.099557
21.720 6.000000 4.000000 1.500000 -1.130973
21.740 6.000000 4.000000 1.500000 -1.162389
21.760 6.000000 4.000000 1.500000 -1.193805
21.780 6.000000 4.000000 1.500000 -1.225221
21.800 6.000000 4.000000 1.500000 -1.256637
21.820 6.000000 4.000000 1.500000 -1.288053
21.840 6.000000 4.000000 1.500000 -1.319469
21.860 6.000000 4.000000 1.500000 -1.350885
21.880 6.000000 4.000000 1.500000 -1.382301
21.900 6.000000 4.000000 1.500000 -1.413717
21.920 6.000000 4.000000 1.500000 -1.445133
21.940 6.000000 4.000000 1.500000 -1.476549
21.960 6.000000 4.000000 1.500000 -1.507964
21.980 6.000000 4.000000 1.500000 -1.539380
22.000 6.000000 4.000000 1.500000 -1.570796
22.020 6.000000 3.990000 1.500000 -1.570796
22.040 6.000000 3.980000 1.500000 -1.570796
22.060 6.000000 3.970000 1.500000 -1.570796
22.080 6.000000 3.960000 1.500000 -1.570796
22.100 6.000000 3.950000 1.500000 -1.570796
22.120 6.000000 3.940000 1.500000 -1.570796
22.140 6.000000 3.930000 1.500000 -1.570796
22.160 6.000000 3.920000 1.500000 -1.570796
22.180 6.000000 3.910000 1.500000 -1.570796
22.200 6.000000 3.900000 1.500000 -1.570796
22.220 6.000000 3.890000 1.500000 -1.570796
22.240 6.000000 3.880000 1.500000 -1.570796
22.260 6.000000 3.870000 1.500000 -1.570796
22.280 6.000000 3.860000 1.500000 -1.570796
22.300 6.000000 3.850000 1.500000 -1.570796
22.320 6.000000 3.840000 1.500000 -1.570796
22.340 6.000000 3.830000 1.500000 -1.570796
22.360 6.000000 3.820000 1.500000 -1.570796
22.380 6.000000 3.810000 1.500000 -1.570796
22.400 6.000000 3.800000 1.500000 -1.570796
22.420 6.000000 3.790000 1.500000 -1.570796
22.440 6.000000 3.780000 1.500000 -1.570796
22.460 6.000000 3.770000 1.500000 -1.570796
22.480 6.000000 3.760000 1.500000 -1.570796
22.500 6.000000 3.750000 1.500000 -1.570796
22.520 6.000000 3.740000 1.500000 -1.570796
22.540 6.000000 3.730000 1.500000 -1.570796
22.560 6.000000 3.720000 1.500000 -1.570796
22.580 6.000000 3.710000 1.500000 -1.570796
22.600 6.000000 3.700000 1.500000 -1.570796
22.620 6.000000 3.690000 1.500000 -1.570796
22.640 6.000000 3.680000 1.500000 -1.570796
22.660 6.000000 3.670000 1.500000 -1.570796
22.680 6.000000 3.660000 1.500000 -1.570796
22.700 6.000000 3.650000 1.500000 -1.570796
22.720 6.000000 3.640000 1.500000 -1.570796
22.740 6.000000 3.630000 1.500000 -1.570796
22.760 6.000000 3.620000 1.500000 -1.570796
22.780 6.000000 3.610000 1.500000 -1.570796
22.800 6.000000 3.600000 1.500000 -1.570796
22.820 6.000000 3.590000 1.500000 -1.570796
22.840 6.000000 3.580000 1.500000 -1.570796
22.860 6.000000 3.570000 1.500000 -1.570796
22.880 6.000000 3.560000 1.500000 -1.570796
22.900 6.000000 3.550000 1.500000 -1.570796
22.920 6.000000 3.540000 1.500000 -1.570796
22.940 6.000000 3.530000 1.500000 -1.570796
22.960 6.000000 3.520000 1.500000 -1.570796
22.980 6.000000 3.510000 1.500000 -1.570796
23.000 6.000000 3.500000 1.500000 -1.570796
23.020 6.000000 3.490000 1.500000 -1.570796
23.040 6.000000 3.480000 1.500000 -1.570796
23.060 6.000000 3.470000 1.500000 -1.570796
23.080 6.000000 3.460000 1.500000 -1.570796
23.100 6.000000 3.450000 1.500000 -1.570796
23.120 6.000000 3.440000 1.500000 -1.570796
23.140 6.000000 3.430000 1.500000 -1.570796
23.160 6.000000 3.420000 1.500000 -1.570796
23.180 6.000000 3.410000 1.500000 -1.570796
23.200 6.000000 3.400000 1.500000 -1.570796
23.220 6.000000 3.390000 1.500000 -1.570796
23.240 6.000000 3.380000 1.500000 -1.570796
23.260 6.000000 3.370000 1.500000 -1.570796
23.280 6.000000 3.360000 1.500000 -1.570796
23.300 6.000000 3.350000 1.500000 -1.570796
23.320 6.000000 3.340000 1.500000 -1.570796
23.340 6.000000 3.330000 1.500000 -1.570796
23.360 6.000000 3.320000 1.500000 -1.570796
23.380 6.000000 3.310000 1.500000 -1.570796
23.400 6.000000 3.300000 1.500000 -1.570796
23.420 6.000000 3.290000 1.500000 -1.570796
23.440 6.000000 3.280000 1.500000 -1.570796
23.460 6.000000 3.270000 1.500000 -1.570796
23.480 6.000000 3.260000 1.500000 -1.570796
23.500 6.000000 3.250000 1.500000 -1.570796
23.520 6.000000 3.240000 1.500000 -1.570796
23.540 6.000000 3.230000 1.500000 -1.570796
23.560 6.000000 3.220000 1.500000 -1.570796
23.580 6.000000 3.210000 1.500000 -1.570796
23.600 6.000000 3.200000 1.500000 -1.570796
23.620 6.000000 3.190000 1.500000 -1.570796
23.640 6.000000 3.180000 1.500000 -1.570796
23.660 6.000000 3.170000 1.500000 -1.570796
23.680 6.000000 3.160000 1.500000 -1.570796
23.700 6.000000 3.150000 1.500000 -1.570796
23.720 6.000000 3.140000 1.500000 -1.570796
23.740 6.000000 3.130000 1.500000 -1.570796
23.760 6.000000 3.120000 1.500000 -1.570796
23.780 6.000000 3.110000 1.500000 -1.570796
23.800 6.000000 3.100000 1.500000 -1.570796
23.820 6.000000 3.090000 1.500000 -1.570796
23.840 6.000000 3.080000 1.500000 -1.570796
23.860 6.000000 3.070000 1.500000 -1.570796
23.880 6.000000 3.060000 1.500000 -1.570796
23.900 6.000000 3.050000 1.500000 -1.570796
23.920 6.000000 3.040000 1.500000 -1.570796
23.940 6.000000 3.030000 1.500000 -1.570796
23.960 6.000000 3.020000 1.500000 -1.570796
23.980 6.000000 3.010000 1.500000 -1.570796
24.000 6.000000 3.000000 1.500000 -1.570796
24.020 6.000000 2.990000 1.500000 -1.570796
24.040 6.000000 2.980000 1.500000 -1.570796
24.060 6.000000 2.970000 1.500000 -1.570796
24.080 6.000000 2.960000 1.500000 -1.570796
24.100 6.000000 2.950000 1.500000 -1.570796
24.120 6.000000 2.940000 1.500000 -1.570796
24.140 6.000000 2.930000 1.500000 -1.570796
24.160 6.000000 2.920000 1.500000 -1.570796
24.180 6.000000 2.910000 1.500000 -1.570796
24.200 6.000000 2.900000 1.500000 -1.570796
24.220 6.000000 2.890000 1.500000 -1.570796
24.240 6.000000 2.880000 1.500000 -1.570796
24.260 6.000000 2.870000 1.500000 -1.570796
24.280 6.000000 2.860000 1.500000 -1.570796
24.300 6.000000 2.850000 1.500000 -1.570796
24.320 6.000000 2.840000 1.500000 -1.570796
24.340 6.000000 2.830000 1.500000 -1.570796
24.360 6.000000 2.820000 1.500000 -1.570796
24.380 6.000000 2.810000 1.500000 -1.570796
24.400 6.000000 2.800000 1.500000 -1.570796
24.420 6.000000 2.790000 1.500000 -1.570796
24.440 6.000000 2.780000 1.500000 -1.570796
24.460 6.000000 2.770000 1.500000 -1.570796
24.480 6.000000 2.760000 1.500000 -1.570796
24.500 6.000000 2.750000 1.500000 -1.570796
24.520 6.000000 2.740000 1.500000 -1.570796
24.540 6.000000 2.730000 1.500000 -1.570796
24.560 6.000000 2.720000 1.500000 -1.570796
24.580 6.000000 2.710000 1.500000 -1.570796
24.600 6.000000 2.700000 1.500000 -1.570796
24.620 6.000000 2.690000 1.500000 -1.570796
24.640 6.000000 2.680000 1.500000 -1.570796
24.660 6.000000 2.670000 1.500000 -1.570796
24.680 6.000000 2.660000 1.500000 -1.570796
24.700 6.000000 2.650000 1.500000 -1.570796
24.720 6.000000 2.640000 1.500000 -1.570796
24.740 6.000000 2.630000 1.500000 -1.570796
24.760 6.000000 2.620000 1.500000 -1.570796
24.780 6.000000 2.610000 1.500000 -1.570796
24.800 6.000000 2.600000 1.500000 -1.570796
24.820 6.000000 2.590000 1.500000 -1.570796
24.840 6.000000 2.580000 1.500000 -1.570796
24.860 6.000000 2.570000 1.500000 -1.570796
24.880 6.000000 2.560000 1.500000 -1.570796
24.900 6.000000 2.550000 1.500000 -1.570796
24.920 6.000000 2.540000 1.500000 -1.570796
24.940 6.000000 2.530000 1.500000 -1.570796
24.960 6.000000 2.520000 1.500000 -1.570796
24.980 6.000000 2.510000 1.500000 -1.570796
25.000 6.000000 2.500000 1.500000 -1.570796
25.020 6.000000 2.490000 1.500000 -1.570796
25.040 6.000000 2.480000 1.500000 -1.570796
25.060 6.000000 2.470000 1.500000 -1.570796
25.080 6.000000 2.460000 1.500000 -1.570796
25.100 6.000000 2.450000 1.500000 -1.570796
25.120 6.000000 2.440000 1.500000 -1.570796
25.140 6.000000 2.430000 1.500000 -1.570796
25.160 6.000000 2.420000 1.500000 -1.570796
25.180 6.000000 2.410000 1.500000 -1.570796
25.200 6.000000 2.400000 1.500000 -1.570796
25.220 6.000000 2.390000 1.500000 -1.570796
25.240 6.000000 2.380000 1.500000 -1.570796
25.260 6.000000 2.370000 1.500000 -1.570796
25.280 6.000000 2.360000 1.500000 -1.570796
25.300 6.000000 2.350000 1.500000 -1.570796
25.320 6.000000 2.340000 1.500000 -1.570796
25.340 6.000000 2.330000 1.500000 -1.570796
25.360 6.000000 2.320000 1.500000 -1.570796
25.380 6.000000 2.310000 1.500000 -1.570796
25.400 6.000000 2.300000 1.500000 -1.570796
25.420 6.000000 2.290000 1.500000 -1.570796
25.440 6.000000 2.280000 1.500000 -1.570796
25.460 6.000000 2.270000 1.500000 -1.570796
25.480 6.000000 2.260000 1.500000 -1.570796
25.500 6.000000 2.250000 1.500000 -1.570796
25.520 6.000000 2.240000 1.500000 -1.570796
25.540 6.000000 2.230000 1.500000 -1.570796
25.560 6.000000 2.220000 1.500000 -1.570796
25.580 6.000000 2.210000 1.500000 -1.570796
25.600 6.000000 2.200000 1.500000 -1.570796
25.620 6.000000 2.190000 1.500000 -1.570796
25.640 6.000000 2.180000 1.500000 -1.570796
25.660 6.000000 2.170000 1.500000 -1.570796
25.680 6.000000 2.160000 1.500000 -1.570796
25.700 6.000000 2.150000 1.500000 -1.570796
25.720 6.000000 2.140000 1.500000 -1.570796
25.740 6.000000 2.130000 1.500000 -1.570796
25.760 6.000000 2.120000 1.500000 -1.570796
25.780 6.000000 2.110000 1.500000 -1.570796
25.800 6.000000 2.100000 1.500000 -1.570796
25.820 6.000000 2.090000 1.500000 -1.570796
25.840 6.000000 2.080000 1.500000 -1.570796
25.860 6.000000 2.070000 1.500000 -1.570796
25.880 6.000000 2.060000 1.500000 -1.570796
25.900 6.000000 2.050000 1.500000 -1.570796
25.920 6.000000 2.040000 1.500000 -1.570796
25.940 6.000000 2.030000 1.500000 -1.570796
25.960 6.000000 2.020000 1.500000 -1.570796
25.980 6.000000 2.010000 1.500000 -1.570796
26.000 6.000000 2.000000 1.500000 -1.570796
26.020 6.000000 1.990000 1.500000 -1.570796
26.040 6.000000 1.980000 1.500000 -1.570796
26.060 6.000000 1.970000 1.500000 -1.570796
26.080 6.000000 1.960000 1.500000 -1.570796
26.100 6.000000 1.950000 1.500000 -1.570796
26.120 6.000000 1.940000 1.500000 -1.570796
26.140 6.000000 1.930000 1.500000 -1.570796
26.160 6.000000 1.920000 1.500000 -1.570796
26.180 6.000000 1.910000 1.500000 -1.570796
26.200 6.000000 1.900000 1.500000 -1.570796
26.220 6.000000 1.890000 1.500000 -1.570796
26.240 6.000000 1.880000 1.500000 -1.570796
26.260 6.000000 1.870000 1.500000 -1.570796
26.280 6.000000 1.860000 1.500000 -1.570796
26.300 6.000000 1.850000 1.500000 -1.570796
26.320 6.000000 1.840000 1.500000 -1.570796
26.340 6.000000 1.830000 1.500000 -1.570796
26.360 6.000000 1.820000 1.500000 -1.570796
26.380 6.000000 1.810000 1.500000 -1.570796
26.400 6.000000 1.800000 1.500000 -1.570796
26.420 6.000000 1.790000 1.500000 -1.570796
26.440 6.000000 1.780000 1.500000 -1.570796
26.460 6.000000 1.770000 1.500000 -1.570796
26.480 6.000000 1.760000 1.500000 -1.570796
26.500 6.000000 1.750000 1.500000 -1.570796
26.520 6.000000 1.740000 1.500000 -1.570796
26.540 6.000000 1.730000 1.500000 -1.570796
26.560 6.000000 1.720000 1.500000 -1.570796
26.580 6.000000 1.710000 1.500000 -1.570796
26.600 6.000000 1.700000 1.500000 -1.570796
26.620 6.000000 1.690000 1.500000 -1.570796
26.640 6.000000 1.680000 1.500000 -1.570796
26.660 6.000000 1.670000 1.500000 -1.570796
26.680 6.000000 1.660000 1.500000 -1.570796
26.700 6.000000 1.650000 1.500000 -1.570796
26.720 6.000000 1.640000 1.500000 -1.570796
26.740 6.000000 1.630000 1.500000 -1.570796
26.760 6.000000 1.620000 1.500000 -1.570796
26.780 6.000000 1.610000 1.500000 -1.570796
26.800 6.000000 1.600000 1.500000 -1.570796
26.820 6.000000 1.590000 1.500000 -1.570796
26.840 6.000000 1.580000 1.500000 -1.570796
26.860 6.000000 1.570000 1.500000 -1.570796
26.880 6.000000 1.560000 1.500000 -1.570796
26.900 6.000000 1.550000 1.500000 -1.570796
26.920 6.000000 1.540000 1.500000 -1.570796
26.940 6.000000 1.530000 1.500000 -1.570796
26.960 6.000000 1.520000 1.500000 -1.570796
26.980 6.000000 1.510000 1.500000 -1.570796
27.000 6.000000 1.500000 1.500000 -1.570796
27.020 6.000000 1.490000 1.500000 -1.570796
27.040 6.000000 1.480000 1.500000 -1.570796
27.060 6.000000 1.470000 1.500000 -1.570796
27.080 6.000000 1.460000 1.500000 -1.570796
27.100 6.000000 1.450000 1.500000 -1.570796
27.120 6.000000 1.440000 1.500000 -1.570796
27.140 6.000000 1.430000 1.500000 -1.570796
27.160 6.000000 1.420000 1.500000 -1.570796
27.180 6.000000 1.410000 1.500000 -1.570796
27.200 6.000000 1.400000 1.500000 -1.570796
27.220 6.000000 1.390000 1.500000 -1.570796
27.240 6.000000 1.380000 1.500000 -1.570796
27.260 6.000000 1.370000 1.500000 -1.570796
27.280 6.000000 1.360000 1.500000 -1.570796
27.300 6.000000 1.350000 1.500000 -1.570796
27.320 6.000000 1.340000 1.500000 -1.570796
27.340 6.000000 1.330000 1.500000 -1.570796
27.360 6.000000 1.320000 1.500000 -1.570796
27.380 6.000000 1.310000 1.500000 -1.570796
27.400 6.000000 1.300000 1.500000 -1.570796
27.420 6.000000 1.290000 1.500000 -1.570796
27.440 6.000000 1.280000 1.500000 -1.570796
27.460 6.000000 1.270000 1.500000 -1.570796
27.480 6.000000 1.260000 1.500000 -1.570796
27.500 6.000000 1.250000 1.500000 -1.570796
27.520 6.000000 1.240000 1.500000 -1.570796
27.540 6.000000 1.230000 1.500000 -1.570796
27.560 6.000000 1.220000 1.500000 -1.570796
27.580 6.000000 1.210000 1.500000 -1.570796
27.600 6.000000 1.200000 1.500000 -1.570796
27.620 6.000000 1.190000 1.500000 -1.570796
27.640 6.000000 1.180000 1.500000 -1.570796
27.660 6.000000 1.170000 1.500000 -1.570796
27.680 6.000000 1.160000 1.500000 -1.570796
27.700 6.000000 1.150000 1.500000 -1.570796
27.720 6.000000 1.140000 1.500000 -1.570796
27.740 6.000000 1.130000 1.500000 -1.570796
27.760 6.000000 1.120000 1.500000 -1.570796
27.780 6.000000 1.110000 1.500000 -1.570796
27.800 6.000000 1.100000 1.500000 -1.570796
27.820 6.000000 1.090000 1.500000 -1.570796
27.840 6.000000 1.080000 1.500000 -1.570796
27.860 6.000000 1.070000 1.500000 -1.570796
27.880 6.000000 1.060000 1.500000 -1.570796
27.900 6.000000 1.050000 1.500000 -1.570796
27.920 6.000000 1.040000 1.500000 -1.570796
27.940 6.000000 1.030000 1.500000 -1.570796
27.960 6.000000 1.020000 1.500000 -1.570796
27.980 6.000000 1.010000 1.500000 -1.570796
28.000 6.000000 1.000000 1.500000 -1.570796
28.020 6.000000 0.990000 1.500000 -1.570796
28.040 6.000000 0.980000 1.500000 -1.570796
28.060 6.000000 0.970000 1.500000 -1.570796
28.080 6.000000 0.960000 1.500000 -1.570796
28.100 6.000000 0.950000 1.500000 -1.570796
28.120 6.000000 0.940000 1.500000 -1.570796
28.140 6.000000 0.930000 1.500000 -1.570796
28.160 6.000000 0.920000 1.500000 -1.570796
28.180 6.000000 0.910000 1.500000 -1.570796
28.200 6.000000 0.900000 1.500000 -1.570796
28.220 6.000000 0.890000 1.500000 -1.570796
28.240 6.000000 0.880000 1.500000 -1.570796
28.260 6.000000 0.870000 1.500000 -1.570796
28.280 6.000000 0.860000 1.500000 -1.570796
28.300 6.000000 0.850000 1.500000 -1.570796
28.320 6.000000 0.840000 1.500000 -1.570796
28.340 6.000000 0.830000 1.500000 -1.570796
28.360 6.000000 0.820000 1.500000 -1.570796
28.380 6.000000 0.810000 1.500000 -1.570796
28.400 6.000000 0.800000 1.500000 -1.570796
28.420 6.000000 0.790000 1.500000 -1.570796
28.440 6.000000 0.780000 1.500000 -1.570796
28.460 6.000000 0.770000 1.500000 -1.570796
28.480 6.000000 0.760000 1.500000 -1.570796
28.500 6.000000 0.750000 1.500000 -1.570796
28.520 6.000000 0.740000 1.500000 -1.570796
28.540 6.000000 0.730000 1.500000 -1.570796
28.560 6.000000 0.720000 1.500000 -1.570796
28.580 6.000000 0.710000 1.500000 -1.570796
28.600 6.000000 0.700000 1.500000 -1.570796
28.620 6.000000 0.690000 1.500000 -1.570796
28.640 6.000000 0.680000 1.500000 -1.570796
28.660 6.000000 0.670000 1.500000 -1.570796
28.680 6.000000 0.660000 1.500000 -1.570796
28.700 6.000000 0.650000 1.500000 -1.570796
28.720 6.000000 0.640000 1.500000 -1.570796
28.740 6.000000 0.630000 1.500000 -1.570796
28.760 6.000000 0.620000 1.500000 -1.570796
28.780 6.000000 0.610000 1.500000 -1.570796
28.800 6.000000 0.600000 1.500000 -1.570796
28.820 6.000000 0.590000 1.500000 -1.570796
28.840 6.000000 0.580000 1.500000 -1.570796
28.860 6.000000 0.570000 1.500000 -1.570796
28.880 6.000000 0.560000 1.500000 -1.570796
28.900 6.000000 0.550000 1.500000 -1.570796
28.920 6.000000 0.540000 1.500000 -1.570796
28.940 6.000000 0.530000 1.500000 -1.570796
28.960 6.000000 0.520000 1.500000 -1.570796
28.980 6.000000 0.510000 1.500000 -1.570796
29.000 6.000000 0.500000 1.500000 -1.570796
29.020 6.000000 0.490000 1.500000 -1.570796
29.040 6.000000 0.480000 1.500000 -1.570796
29.060 6.000000 0.470000 1.500000 -1.570796
29.080 6.000000 0.460000 1.500000 -1.570796
29.100 6.000000 0.450000 1.500000 -1.570796
29.120 6.000000 0.440000 1.500000 -1.570796
29.140 6.000000 0.430000 1.500000 -1.570796
29.160 6.000000 0.420000 1.500000 -1.570796
29.180 6.000000 0.410000 1.500000 -1.570796
29.200 6.000000 0.400000 1.500000 -1.570796
29.220 6.000000 0.390000 1.500000 -1.570796
29.240 6.000000 0.380000 1.500000 -1.570796
29.260 6.000000 0.370000 1.500000 -1.570796
29.280 6.000000 0.360000 1.500000 -1.570796
29.300 6.000000 0.350000 1.500000 -1.570796
29.320 6.000000 0.340000 1.500000 -1.570796
29.340 6.000000 0.330000 1.500000 -1.570796
29.360 6.000000 0.320000 1.500000 -1.570796
29.380 6.000000 0.310000 1.500000 -1.570796
29.400 6.000000 0.300000 1.500000 -1.570796
29.420 6.000000 0.290000 1.500000 -1.570796
29.440 6.000000 0.280000 1.500000 -1.570796
29.460 6.000000 0.270000 1.500000 -1.570796
29.480 6.000000 0.260000 1.500000 -1.570796
29.500 6.000000 0.250000 1.500000 -1.570796
29.520 6.000000 0.240000 1.500000 -1.570796
29.540 6.000000 0.230000 1.500000 -1.570796
29.560 6.000000 0.220000 1.500000 -1.570796
29.580 6.000000 0.210000 1.500000 -1.570796
29.600 6.000000 0.200000 1.500000 -1.570796
29.620 6.000000 0.190000 1.500000 -1.570796
29.640 6.000000 0.180000 1.500000 -1.570796
29.660 6.000000 0.170000 1.500000 -1.570796
29.680 6.000000 0.160000 1.500000 -1.570796
29.700 6.000000 0.150000 1.500000 -1.570796
29.720 6.000000 0.140000 1.500000 -1.570796
29.740 6.000000 0.130000 1.500000 -1.570796
29.760 6.000000 0.120000 1.500000 -1.570796
29.780 6.000000 0.110000 1.500000 -1.570796
29.800 6.000000 0.100000 1.500000 -1.570796
29.820 6.000000 0.090000 1.500000 -1.570796
29.840 6.000000 0.080000 1.500000 -1.570796
29.860 6.000000 0.070000 1.500000 -1.570796
29.880 6.000000 0.060000 1.500000 -1.570796
29.900 6.000000 0.050000 1.500000 -1.570796
29.920 6.000000 0.040000 1.500000 -1.570796
29.940 6.000000 0.030000 1.500000 -1.570796
29.960 6.000000 0.020000 1.500000 -1.570796
29.980 6.000000 0.010000 1.500000 -1.570796
30.000 6.000000 0.000000 1.500000 -1.570796
30.020 6.000000 0.000000 1.500000 -1.570796
30.040 6.000000 0.000000 1.500000 -1.570796
30.060 6.000000 0.000000 1.500000 -1.570796
30.080 6.000000 0.000000 1.500000 -1.570796
30.100 6.000000 0.000000 1.500000 -1.570796
30.120 6.000000 0.000000 1.500000 -1.570796
30.140 6.000000 0.000000 1.500000 -1.570796
30.160 6.000000 0.000000 1.500000 -1.570796
30.180 6.000000 0.000000 1.500000 -1.570796
30.200 6.000000 0.000000 1.500000 -1.570796
30.220 6.000000 0.000000 1.500000 -1.570796
30.240 6.000000 0.000000 1.500000 -1.570796
30.260 6.000000 0.000000 1.500000 -1.570796
30.280 6.000000 0.000000 1.500000 -1.570796
30.300 6.000000 0.000000 1.500000 -1.570796
30.320 6.000000 0.000000 1.500000 -1.570796
30.340 6.000000 0.000000 1.500000 -1.570796
30.360 6.000000 0.000000 1.500000 -1.570796
30.380 6.000000 0.000000 1.500000 -1.570796
30.400 6.000000 0.000000 1.500000 -1.570796
30.420 6.000000 0.000000 1.500000 -1.570796
30.440 6.000000 0.000000 1.500000 -1.570796
30.460 6.000000 0.000000 1.500000 -1.570796
30.480 6.000000 0.000000 1.500000 -1.570796
30.500 6.000000 0.000000 1.500000 -1.570796
30.520 6.000000 0.000000 1.500000 -1.570796
30.540 6.000000 0.000000 1.500000 -1.570796
30.560 6.000000 0.000000 1.500000 -1.570796
30.580 6.000000 0.000000 1.500000 -1.570796
30.600 6.000000 0.000000 1.500000 -1.570796
30.620 6.000000 0.000000 1.500000 -1.570796
30.640 6.000000 0.000000 1.500000 -1.570796
30.660 6.000000 0.000000 1.500000 -1.570796
30.680 6.000000 0.000000 1.500000 -1.570796
30.700 6.000000 0.000000 1.500000 -1.570796
30.720 6.000000 0.000000 1.500000 -1.570796
30.740 6.000000 0.000000 1.500000 -1.570796
30.760 6.000000 0.000000 1.500000 -1.570796
30.780 6.000000 0.000000 1.500000 -1.570796
30.800 6.000000 0.000000 1.500000 -1.570796
30.820 6.000000 0.000000 1.500000 -1.570796
30.840 6.000000 0.000000 1.500000 -1.570796
30.860 6.000000 0.000000 1.500000 -1.570796
30.880 6.000000 0.000000 1.500000 -1.570796
30.900 6.000000 0.000000 1.500000 -1.570796
30.920 6.000000 0.000000 1.500000 -1.570796
30.940 6.000000 0.000000 1.500000 -1.570796
30.960 6.000000 0.000000 1.500000 -1.570796
30.980 6.000000 0.000000 1.500000 -1.570796
31.000 6.000000 0.000000 1.500000 -1.570796
31.020 6.000000 0.000000 1.500000 -1.570796
31.040 6.000000 0.000000 1.500000 -1.570796
31.060 6.000000 0.000000 1.500000 -1.570796
31.080 6.000000 0.000000 1.500000 -1.570796
31.100 6.000000 0.000000 1.500000 -1.570796
31.120 6.000000 0.000000 1.500000 -1.570796
31.140 6.000000 0.000000 1.500000 -1.570796
31.160 6.000000 0.000000 1.500000 -1.570796
31.180 6.000000 0.000000 1.500000 -1.570796
31.200 6.000000 0.000000 1.500000 -1.570796
31.220 6.000000 0.000000 1.500000 -1.570796
31.240 6.000000 0.000000 1.500000 -1.570796
31.260 6.000000 0.000000 1.500000 -1.570796
31.280 6.000000 0.000000 1.500000 -1.570796
31.300 6.000000 0.000000 1.500000 -1.570796
31.320 6.000000 0.000000 1.500000 -1.570796
31.340 6.000000 0.000000 1.500000 -1.570796
31.360 6.000000 0.000000 1.500000 -1.570796
31.380 6.000000 0.000000 1.500000 -1.570796
31.400 6.000000 0.000000 1.500000 -1.570796
31.420 6.000000 0.000000 1.500000 -1.570796
31.440 6.000000 0.000000 1.500000 -1.570796
31.460 6.000000 0.000000 1.500000 -1.570796
31.480 6.000000 0.000000 1.500000 -1.570796
31.500 6.000000 0.000000 1.500000 -1.570796
31.520 6.000000 0.000000 1.500000 -1.570796
31.540 6.000000 0.000000 1.500000 -1.570796
31.560 6.000000 0.000000 1.500000 -1.570796
31.580 6.000000 0.000000 1.500000 -1.570796
31.600 6.000000 0.000000 1.500000 -1.570796
31.620 6.000000 0.000000 1.500000 -1.570796
31.640 6.000000 0.000000 1.500000 -1.570796
31.660 6.000000 0.000000 1.500000 -1.570796
31.680 6.000000 0.000000 1.500000 -1.570796
31.700 6.000000 0.000000 1.500000 -1.570796
31.720 6.000000 0.000000 1.500000 -1.570796
31.740 6.000000 0.000000 1.500000 -1.570796
31.760 6.000000 0.000000 1.500000 -1.570796
31.780 6.000000 0.000000 1.500000 -1.570796
31.800 6.000000 0.000000 1.500000 -1.570796
31.820 6.000000 0.000000 1.500000 -1.570796
31.840 6.000000 0.000000 1.500000 -1.570796
31.860 6.000000 0.000000 1.500000 -1.570796
31.880 6.000000 0.000000 1.500000 -1.570796
31.900 6.000000 0.000000 1.500000 -1.570796
31.920 6.000000 0.000000 1.500000 -1.570796
31.940 6.000000 0.000000 1.500000 -1.570796
31.960 6.000000 0.000000 1.500000 -1.570796
31.980 6.000000 0.000000 1.500000 -1.570796
32.000 6.000000 0.000000 1.500000 -1.570796
