# t x y z theta
0.000 0.000000 0.000000 1.500000 1.570796
0.020 0.000000 0.020000 1.500000 1.570796
0.040 0.000000 0.040000 1.500000 1.570796
0.060 0.000000 0.060000 1.500000 1.570796
0.080 0.000000 0.080000 1.500000 1.570796
0.100 0.000000 0.100000 1.500000 1.570796
0.120 0.000000 0.120000 1.500000 1.570796
0.140 0.000000 0.140000 1.500000 1.570796
0.160 0.000000 0.160000 1.500000 1.570796
0.180 0.000000 0.180000 1.500000 1.570796
0.200 0.000000 0.200000 1.500000 1.570796
0.220 0.000000 0.220000 1.500000 1.570796
0.240 0.000000 0.240000 1.500000 1.570796
0.260 0.000000 0.260000 1.500000 1.570796
0.280 0.000000 0.280000 1.500000 1.570796
0.300 0.000000 0.300000 1.500000 1.570796
0.320 0.000000 0.320000 1.500000 1.570796
0.340 0.000000 0.340000 1.500000 1.570796
0.360 0.000000 0.360000 1.500000 1.570796
0.380 0.000000 0.380000 1.500000 1.570796
0.400 0.000000 0.400000 1.500000 1.570796
0.420 0.000000 0.420000 1.500000 1.570796
0.440 0.000000 0.440000 1.500000 1.570796
0.460 0.000000 0.460000 1.500000 1.570796
0.480 0.000000 0.480000 1.500000 1.570796
0.500 0.000000 0.500000 1.500000 1.570796
0.520 0.000000 0.520000 1.500000 1.570796
0.540 0.000000 0.540000 1.500000 1.570796
0.560 0.000000 0.560000 1.500000 1.570796
0.580 0.000000 0.580000 1.500000 1.570796
0.600 0.000000 0.600000 1.500000 1.570796
0.620 0.000000 0.620000 1.500000 1.570796
0.640 0.000000 0.640000 1.500000 1.570796
0.660 0.000000 0.660000 1.500000 1.570796
0.680 0.000000 0.680000 1.500000 1.570796
0.700 0.000000 0.700000 1.500000 1.570796
0.720 0.000000 0.720000 1.500000 1.570796
0.740 0.000000 0.740000 1.500000 1.570796
0.760 0.000000 0.760000 1.500000 1.570796
0.780 0.000000 0.780000 1.500000 1.570796
0.800 0.000000 0.800000 1.500000 1.570796
0.820 0.000000 0.820000 1.500000 1.570796
0.840 0.000000 0.840000 1.500000 1.570796
0.860 0.000000 0.860000 1.500000 1.570796
0.880 0.000000 0.880000 1.500000 1.570796
0.900 0.000000 0.900000 1.500000 1.570796
0.920 0.000000 0.920000 1.500000 1.570796
0.940 0.000000 0.940000 1.500000 1.570796
0.960 0.000000 0.960000 1.500000 1.570796
0.980 0.000000 0.980000 1.500000 1.570796
1.000 0.000000 1.000000 1.500000 1.570796
1.020 0.000000 1.020000 1.500000 1.570796
1.040 0.000000 1.040000 1.500000 1.570796
1.060 0.000000 1.060000 1.500000 1.570796
1.080 0.000000 1.080000 1.500000 1.570796
1.100 0.000000 1.100000 1.500000 1.570796
1.120 0.000000 1.120000 1.500000 1.570796
1.140 0.000000 1.140000 1.500000 1.570796
1.160 0.000000 1.160000 1.500000 1.570796
1.180 0.000000 1.180000 1.500000 1.570796
1.200 0.000000 1.200000 1.500000 1.570796
1.220 0.000000 1.220000 1.500000 1.570796
1.240 0.000000 1.240000 1.500000 1.570796
1.260 0.000000 1.260000 1.500000 1.570796
1.280 0.000000 1.280000 1.500000 1.570796
1.300 0.000000 1.300000 1.500000 1.570796
1.320 0.000000 1.320000 1.500000 1.570796
1.340 0.000000 1.340000 1.500000 1.570796
1.360 0.000000 1.360000 1.500000 1.570796
1.380 0.000000 1.380000 1.500000 1.570796
1.400 0.000000 1.400000 1.500000 1.570796
1.420 0.000000 1.420000 1.500000 1.570796
1.440 0.000000 1.440000 1.500000 1.570796
1.460 0.000000 1.460000 1.500000 1.570796
1.480 0.000000 1.480000 1.500000 1.570796
1.500 0.000000 1.500000 1.500000 1.570796
1.520 0.000000 1.520000 1.500000 1.570796
1.540 0.000000 1.540000 1.500000 1.570796
1.560 0.000000 1.560000 1.500000 1.570796
1.580 0.000000 1.580000 1.500000 1.570796
1.600 0.000000 1.600000 1.500000 1.570796
1.620 0.000000 1.620000 1.500000 1.570796
1.640 0.000000 1.640000 1.500000 1.570796
1.660 0.000000 1.660000 1.500000 1.570796
1.680 0.000000 1.680000 1.500000 1.570796
1.700 0.000000 1.700000 1.500000 1.570796
1.720 0.000000 1.720000 1.500000 1.570796
1.740 0.000000 1.740000 1.500000 1.570796
1.760 0.000000 1.760000 1.500000 1.570796
1.780 0.000000 1.780000 1.500000 1.570796
1.800 0.000000 1.800000 1.500000 1.570796
1.820 0.000000 1.820000 1.500000 1.570796
1.840 0.000000 1.840000 1.500000 1.570796
1.860 0.000000 1.860000 1.500000 1.570796
1.880 0.000000 1.880000 1.500000 1.570796
1.900 0.000000 1.900000 1.500000 1.570796
1.920 0.000000 1.920000 1.500000 1.570796
1.940 0.000000 1.940000 1.500000 1.570796
1.960 0.000000 1.960000 1.500000 1.570796
1.980 0.000000 1.980000 1.500000 1.570796
2.000 0.000000 2.000000 1.500000 1.570796
2.020 0.000000 2.020000 1.500000 1.570796
2.040 0.000000 2.040000 1.500000 1.570796
2.060 0.000000 2.060000 1.500000 1.570796
2.080 0.000000 2.080000 1.500000 1.570796
2.100 0.000000 2.100000 1.500000 1.570796
2.120 0.000000 2.120000 1.500000 1.570796
2.140 0.000000 2.140000 1.500000 1.570796
2.160 0.000000 2.160000 1.500000 1.570796
2.180 0.000000 2.180000 1.500000 1.570796
2.200 0.000000 2.200000 1.500000 1.570796
2.220 0.000000 2.220000 1.500000 1.570796
2.240 0.000000 2.240000 1.500000 1.570796
2.260 0.000000 2.260000 1.500000 1.570796
2.280 0.000000 2.280000 1.500000 1.570796
2.300 0.000000 2.300000 1.500000 1.570796
2.320 0.000000 2.320000 1.500000 1.570796
2.340 0.000000 2.340000 1.500000 1.570796
2.360 0.000000 2.360000 1.500000 1.570796
2.380 0.000000 2.380000 1.500000 1.570796
2.400 0.000000 2.400000 1.500000 1.570796
2.420 0.000000 2.420000 1.500000 1.570796
2.440 0.000000 2.440000 1.500000 1.570796
2.460 0.000000 2.460000 1.500000 1.570796
2.480 0.000000 2.480000 1.500000 1.570796
2.500 0.000000 2.500000 1.500000 1.570796
2.520 0.000000 2.520000 1.500000 1.570796
2.540 0.000000 2.540000 1.500000 1.570796
2.560 0.000000 2.560000 1.500000 1.570796
2.580 0.000000 2.580000 1.500000 1.570796
2.600 0.000000 2.600000 1.500000 1.570796
2.620 0.000000 2.620000 1.500000 1.570796
2.640 0.000000 2.640000 1.500000 1.570796
2.660 0.000000 2.660000 1.500000 1.570796
2.680 0.000000 2.680000 1.500000 1.570796
2.700 0.000000 2.700000 1.500000 1.570796
2.720 0.000000 2.720000 1.500000 1.570796
2.740 0.000000 2.740000 1.500000 1.570796
2.760 0.000000 2.760000 1.500000 1.570796
2.780 0.000000 2.780000 1.500000 1.570796
2.800 0.000000 2.800000 1.500000 1.570796
2.820 0.000000 2.820000 1.500000 1.570796
2.840 0.000000 2.840000 1.500000 1.570796
2.860 0.000000 2.860000 1.500000 1.570796
2.880 0.000000 2.880000 1.500000 1.570796
2.900 0.000000 2.900000 1.500000 1.570796
2.920 0.000000 2.920000 1.500000 1.570796
2.940 0.000000 2.940000 1.500000 1.570796
2.960 0.000000 2.960000 1.500000 1.570796
2.980 0.000000 2.980000 1.500000 1.570796
3.000 0.000000 3.000000 1.500000 1.570796
3.020 0.000000 3.020000 1.500000 1.570796
3.040 0.000000 3.040000 1.500000 1.570796
3.060 0.000000 3.060000 1.500000 1.570796
3.080 0.000000 3.080000 1.500000 1.570796
3.100 0.000000 3.100000 1.500000 1.570796
3.120 0.000000 3.120000 1.500000 1.570796
3.140 0.000000 3.140000 1.500000 1.570796
3.160 0.000000 3.160000 1.500000 1.570796
3.180 0.000000 3.180000 1.500000 1.570796
3.200 0.000000 3.200000 1.500000 1.570796
3.220 0.000000 3.220000 1.500000 1.570796
3.240 0.000000 3.240000 1.500000 1.570796
3.260 0.000000 3.260000 1.500000 1.570796
3.280 0.000000 3.280000 1.500000 1.570796
3.300 0.000000 3.300000 1.500000 1.570796
3.320 0.000000 3.320000 1.500000 1.570796
3.340 0.000000 3.340000 1.500000 1.570796
3.360 0.000000 3.360000 1.500000 1.570796
3.380 0.000000 3.380000 1.500000 1.570796
3.400 0.000000 3.400000 1.500000 1.570796
3.420 0.000000 3.420000 1.500000 1.570796
3.440 0.000000 3.440000 1.500000 1.570796
3.460 0.000000 3.460000 1.500000 1.570796
3.480 0.000000 3.480000 1.500000 1.570796
3.500 0.000000 3.500000 1.500000 1.570796
3.520 0.000000 3.520000 1.500000 1.570796
3.540 0.000000 3.540000 1.500000 1.570796
3.560 0.000000 3.560000 1.500000 1.570796
3.580 0.000000 3.580000 1.500000 1.570796
3.600 0.000000 3.600000 1.500000 1.570796
3.620 0.000000 3.620000 1.500000 1.570796
3.640 0.000000 3.640000 1.500000 1.570796
3.660 0.000000 3.660000 1.500000 1.570796
3.680 0.000000 3.680000 1.500000 1.570796
3.700 0.000000 3.700000 1.500000 1.570796
3.720 0.000000 3.720000 1.500000 1.570796
3.740 0.000000 3.740000 1.500000 1.570796
3.760 0.000000 3.760000 1.500000 1.570796
3.780 0.000000 3.780000 1.500000 1.570796
3.800 0.000000 3.800000 1.500000 1.570796
3.820 0.000000 3.820000 1.500000 1.570796
3.840 0.000000 3.840000 1.500000 1.570796
3.860 0.000000 3.860000 1.500000 1.570796
3.880 0.000000 3.880000 1.500000 1.570796
3.900 0.000000 3.900000 1.500000 1.570796
3.920 0.000000 3.920000 1.500000 1.570796
3.940 0.000000 3.940000 1.500000 1.570796
3.960 0.000000 3.960000 1.500000 1.570796
3.980 0.000000 3.980000 1.500000 1.570796
4.000 0.000000 4.000000 1.500000 1.570796
4.020 0.000000 4.000000 1.500000 1.539380
4.040 0.000000 4.000000 1.500000 1.507964
4.060 0.000000 4.000000 1.500000 1.476549
4.080 0.000000 4.000000 1.500000 1.445133
4.100 0.000000 4.000000 1.500000 1.413717
4.120 0.000000 4.000000 1.500000 1.382301
4.140 0.000000 4.000000 1.500000 1.350885
4.160 0.000000 4.000000 1.500000 1.319469
4.180 0.000000 4.000000 1.500000 1.288053
4.200 0.000000 4.000000 1.500000 1.256637
4.220 0.000000 4.000000 1.500000 1.225221
4.240 0.000000 4.000000 1.500000 1.193805
4.260 0.000000 4.000000 1.500000 1.162389
4.280 0.000000 4.000000 1.500000 1.130973
4.300 0.000000 4.000000 1.500000 1.099557
4.320 0.000000 4.000000 1.500000 1.068142
4.340 0.000000 4.000000 1.500000 1.036726
4.360 0.000000 4.000000 1.500000 1.005310
4.380 0.000000 4.000000 1.500000 0.973894
4.400 0.000000 4.000000 1.500000 0.942478
4.420 0.000000 4.000000 1.500000 0.911062
4.440 0.000000 4.000000 1.500000 0.879646
4.460 0.000000 4.000000 1.500000 0.848230
4.480 0.000000 4.000000 1.500000 0.816814
4.500 0.000000 4.000000 1.500000 0.785398
4.520 0.000000 4.000000 1.500000 0.753982
4.540 0.000000 4.000000 1.500000 0.722566
4.560 0.000000 4.000000 1.500000 0.691150
4.580 0.000000 4.000000 1.500000 0.659734
4.600 0.000000 4.000000 1.500000 0.628319
4.620 0.000000 4.000000 1.500000 0.596903
4.640 0.000000 4.000000 1.500000 0.565487
4.660 0.000000 4.000000 1.500000 0.534071
4.680 0.000000 4.000000 1.500000 0.502655
4.700 0.000000 4.000000 1.500000 0.471239
4.720 0.000000 4.000000 1.500000 0.439823
4.740 0.000000 4.000000 1.500000 0.408407
4.760 0.000000 4.000000 1.500000 0.376991
4.780 0.000000 4.000000 1.500000 0.345575
4.800 0.000000 4.000000 1.500000 0.314159
4.820 0.000000 4.000000 1.500000 0.282743
4.840 0.000000 4.000000 1.500000 0.251327
4.860 0.000000 4.000000 1.500000 0.219911
4.880 0.000000 4.000000 1.500000 0.188496
4.900 0.000000 4.000000 1.500000 0.157080
4.920 0.000000 4.000000 1.500000 0.125664
4.940 0.000000 4.000000 1.500000 0.094248
4.960 0.000000 4.000000 1.500000 0.062832
4.980 0.000000 4.000000 1.500000 0.031416
5.000 0.000000 4.000000 1.500000 0.000000
5.020 0.020000 4.000000 1.500000 0.000000
5.040 0.040000 4.000000 1.500000 0.000000
5.060 0.060000 4.000000 1.500000 0.000000
5.080 0.080000 4.000000 1.500000 0.000000
5.100 0.100000 4.000000 1.500000 0.000000
5.120 0.120000 4.000000 1.500000 0.000000
5.140 0.140000 4.000000 1.500000 0.000000
5.160 0.160000 4.000000 1.500000 0.000000
5.180 0.180000 4.000000 1.500000 0.000000
5.200 0.200000 4.000000 1.500000 0.000000
5.220 0.220000 4.000000 1.500000 0.000000
5.240 0.240000 4.000000 1.500000 0.000000
5.260 0.260000 4.000000 1.500000 0.000000
5.280 0.280000 4.000000 1.500000 0.000000
5.300 0.300000 4.000000 1.500000 0.000000
5.320 0.320000 4.000000 1.500000 0.000000
5.340 0.340000 4.000000 1.500000 0.000000
5.360 0.360000 4.000000 1.500000 0.000000
5.380 0.380000 4.000000 1.500000 0.000000
5.400 0.400000 4.000000 1.500000 0.000000
5.420 0.420000 4.000000 1.500000 0.000000
5.440 0.440000 4.000000 1.500000 0.000000
5.460 0.460000 4.000000 1.500000 0.000000
5.480 0.480000 4.000000 1.500000 0.000000
5.500 0.500000 4.000000 1.500000 0.000000
5.520 0.520000 4.000000 1.500000 0.000000
5.540 0.540000 4.000000 1.500000 0.000000
5.560 0.560000 4.000000 1.500000 0.000000
5.580 0.580000 4.000000 1.500000 0.000000
5.600 0.600000 4.000000 1.500000 0.000000
5.620 0.620000 4.000000 1.500000 0.000000
5.640 0.640000 4.000000 1.500000 0.000000
5.660 0.660000 4.000000 1.500000 0.000000
5.680 0.680000 4.000000 1.500000 0.000000
5.700 0.700000 4.000000 1.500000 0.000000
5.720 0.720000 4.000000 1.500000 0.000000
5.740 0.740000 4.000000 1.500000 0.000000
5.760 0.760000 4.000000 1.500000 0.000000
5.780 0.780000 4.000000 1.500000 0.000000
5.800 0.800000 4.000000 1.500000 0.000000
5.820 0.820000 4.000000 1.500000 0.000000
5.840 0.840000 4.000000 1.500000 0.000000
5.860 0.860000 4.000000 1.500000 0.000000
5.880 0.880000 4.000000 1.500000 0.000000
5.900 0.900000 4.000000 1.500000 0.000000
5.920 0.920000 4.000000 1.500000 0.000000
5.940 0.940000 4.000000 1.500000 0.000000
5.960 0.960000 4.000000 1.500000 0.000000
5.980 0.980000 4.000000 1.500000 0.000000
6.000 1.000000 4.000000 1.500000 0.000000
6.020 1.020000 4.000000 1.500000 0.000000
6.040 1.040000 4.000000 1.500000 0.000000
6.060 1.060000 4.000000 1.500000 0.000000
6.080 1.080000 4.000000 1.500000 0.000000
6.100 1.100000 4.000000 1.500000 0.000000
6.120 1.120000 4.000000 1.500000 0.000000
6.140 1.140000 4.000000 1.500000 0.000000
6.160 1.160000 4.000000 1.500000 0.000000
6.180 1.180000 4.000000 1.500000 0.000000
6.200 1.200000 4.000000 1.500000 0.000000
6.220 1.220000 4.000000 1.500000 0.000000
6.240 1.240000 4.000000 1.500000 0.000000
6.260 1.260000 4.000000 1.500000 0.000000
6.280 1.280000 4.000000 1.500000 0.000000
6.300 1.300000 4.000000 1.500000 0.000000
6.320 1.320000 4.000000 1.500000 0.000000
6.340 1.340000 4.000000 1.500000 0.000000
6.360 1.360000 4.000000 1.500000 0.000000
6.380 1.380000 4.000000 1.500000 0.000000
6.400 1.400000 4.000000 1.500000 0.000000
6.420 1.420000 4.000000 1.500000 0.000000
6.440 1.440000 4.000000 1.500000 0.000000
6.460 1.460000 4.000000 1.500000 0.000000
6.480 1.480000 4.000000 1.500000 0.000000
6.500 1.500000 4.000000 1.500000 0.000000
6.520 1.520000 4.000000 1.500000 0.000000
6.540 1.540000 4.000000 1.500000 0.000000
6.560 1.560000 4.000000 1.500000 0.000000
6.580 1.580000 4.000000 1.500000 0.000000
6.600 1.600000 4.000000 1.500000 0.000000
6.620 1.620000 4.000000 1.500000 0.000000
6.640 1.640000 4.000000 1.500000 0.000000
6.660 1.660000 4.000000 1.500000 0.000000
6.680 1.680000 4.000000 1.500000 0.000000
6.700 1.700000 4.000000 1.500000 0.000000
6.720 1.720000 4.000000 1.500000 0.000000
6.740 1.740000 4.000000 1.500000 0.000000
6.760 1.760000 4.000000 1.500000 0.000000
6.780 1.780000 4.000000 1.500000 0.000000
6.800 1.800000 4.000000 1.500000 0.000000
6.820 1.820000 4.000000 1.500000 0.000000
6.840 1.840000 4.000000 1.500000 0.000000
6.860 1.860000 4.000000 1.500000 0.000000
6.880 1.880000 4.000000 1.500000 0.000000
6.900 1.900000 4.000000 1.500000 0.000000
6.920 1.920000 4.000000 1.500000 0.000000
6.940 1.940000 4.000000 1.500000 0.000000
6.960 1.960000 4.000000 1.500000 0.000000
6.980 1.980000 4.000000 1.500000 0.000000
7.000 2.000000 4.000000 1.500000 0.000000
7.020 2.020000 4.000000 1.500000 0.000000
7.040 2.040000 4.000000 1.500000 0.000000
7.060 2.060000 4.000000 1.500000 0.000000
7.080 2.080000 4.000000 1.500000 0.000000
7.100 2.100000 4.000000 1.500000 0.000000
7.120 2.120000 4.000000 1.500000 0.000000
7.140 2.140000 4.000000 1.500000 0.000000
7.160 2.160000 4.000000 1.500000 0.000000
7.180 2.180000 4.000000 1.500000 0.000000
7.200 2.200000 4.000000 1.500000 0.000000
7.220 2.220000 4.000000 1.500000 0.000000
7.240 2.240000 4.000000 1.500000 0.000000
7.260 2.260000 4.000000 1.500000 0.000000
7.280 2.280000 4.000000 1.500000 0.000000
7.300 2.300000 4.000000 1.500000 0.000000
7.320 2.320000 4.000000 1.500000 0.000000
7.340 2.340000 4.000000 1.500000 0.000000
7.360 2.360000 4.000000 1.500000 0.000000
7.380 2.380000 4.000000 1.500000 0.000000
7.400 2.400000 4.000000 1.500000 0.000000
7.420 2.420000 4.000000 1.500000 0.000000
7.440 2.440000 4.000000 1.500000 0.000000
7.460 2.460000 4.000000 1.500000 0.000000
7.480 2.480000 4.000000 1.500000 0.000000
7.500 2.500000 4.000000 1.500000 0.000000
7.520 2.520000 4.000000 1.500000 0.000000
7.540 2.540000 4.000000 1.500000 0.000000
7.560 2.560000 4.000000 1.500000 0.000000
7.580 2.580000 4.000000 1.500000 0.000000
7.600 2.600000 4.000000 1.500000 0.000000
7.620 2.620000 4.000000 1.500000 0.000000
7.640 2.640000 4.000000 1.500000 0.000000
7.660 2.660000 4.000000 1.500000 0.000000
7.680 2.680000 4.000000 1.500000 0.000000
7.700 2.700000 4.000000 1.500000 0.000000
7.720 2.720000 4.000000 1.500000 0.000000
7.740 2.740000 4.000000 1.500000 0.000000
7.760 2.760000 4.000000 1.500000 0.000000
7.780 2.780000 4.000000 1.500000 0.000000
7.800 2.800000 4.000000 1.500000 0.000000
7.820 2.820000 4.000000 1.500000 0.000000
7.840 2.840000 4.000000 1.500000 0.000000
7.860 2.860000 4.000000 1.500000 0.000000
7.880 2.880000 4.000000 1.500000 0.000000
7.900 2.900000 4.000000 1.500000 0.000000
7.920 2.920000 4.000000 1.500000 0.000000
7.940 2.940000 4.000000 1.500000 0.000000
7.960 2.960000 4.000000 1.500000 0.000000
7.980 2.980000 4.000000 1.500000 0.000000
8.000 3.000000 4.000000 1.500000 0.000000
8.020 3.020000 4.000000 1.500000 0.000000
8.040 3.040000 4.000000 1.500000 0.000000
8.060 3.060000 4.000000 1.500000 0.000000
8.080 3.080000 4.000000 1.500000 0.000000
8.100 3.100000 4.000000 1.500000 0.000000
8.120 3.120000 4.000000 1.500000 0.000000
8.140 3.140000 4.000000 1.500000 0.000000
8.160 3.160000 4.000000 1.500000 0.000000
8.180 3.180000 4.000000 1.500000 0.000000
8.200 3.200000 4.000000 1.500000 0.000000
8.220 3.220000 4.000000 1.500000 0.000000
8.240 3.240000 4.000000 1.500000 0.000000
8.260 3.260000 4.000000 1.500000 0.000000
8.280 3.280000 4.000000 1.500000 0.000000
8.300 3.300000 4.000000 1.500000 0.000000
8.320 3.320000 4.000000 1.500000 0.000000
8.340 3.340000 4.000000 1.500000 0.000000
8.360 3.360000 4.000000 1.500000 0.000000
8.380 3.380000 4.000000 1.500000 0.000000
8.400 3.400000 4.000000 1.500000 0.000000
8.420 3.420000 4.000000 1.500000 0.000000
8.440 3.440000 4.000000 1.500000 0.000000
8.460 3.460000 4.000000 1.500000 0.000000
8.480 3.480000 4.000000 1.500000 0.000000
8.500 3.500000 4.000000 1.500000 0.000000
8.520 3.520000 4.000000 1.500000 0.000000
8.540 3.540000 4.000000 1.500000 0.000000
8.560 3.560000 4.000000 1.500000 0.000000
8.580 3.580000 4.000000 1.500000 0.000000
8.600 3.600000 4.000000 1.500000 0.000000
8.620 3.620000 4.000000 1.500000 0.000000
8.640 3.640000 4.000000 1.500000 0.000000
8.660 3.660000 4.000000 1.500000 0.000000
8.680 3.680000 4.000000 1.500000 0.000000
8.700 3.700000 4.000000 1.500000 0.000000
8.720 3.720000 4.000000 1.500000 0.000000
8.740 3.740000 4.000000 1.500000 0.000000
8.760 3.760000 4.000000 1.500000 0.000000
8.780 3.780000 4.000000 1.500000 0.000000
8.800 3.800000 4.000000 1.500000 0.000000
8.820 3.820000 4.000000 1.500000 0.000000
8.840 3.840000 4.000000 1.500000 0.000000
8.860 3.860000 4.000000 1.500000 0.000000
8.880 3.880000 4.000000 1.500000 0.000000
8.900 3.900000 4.000000 1.500000 0.000000
8.920 3.920000 4.000000 1.500000 0.000000
8.940 3.940000 4.000000 1.500000 0.000000
8.960 3.960000 4.000000 1.500000 0.000000
8.980 3.980000 4.000000 1.500000 0.000000
9.000 4.000000 4.000000 1.500000 0.000000
9.020 4.020000 4.000000 1.500000 0.000000
9.040 4.040000 4.000000 1.500000 0.000000
9.060 4.060000 4.000000 1.500000 0.000000
9.080 4.080000 4.000000 1.500000 0.000000
9.100 4.100000 4.000000 1.500000 0.000000
9.120 4.120000 4.000000 1.500000 0.000000
9.140 4.140000 4.000000 1.500000 0.000000
9.160 4.160000 4.000000 1.500000 0.000000
9.180 4.180000 4.000000 1.500000 0.000000
9.200 4.200000 4.000000 1.500000 0.000000
9.220 4.220000 4.000000 1.500000 0.000000
9.240 4.240000 4.000000 1.500000 0.000000
9.260 4.260000 4.000000 1.500000 0.000000
9.280 4.280000 4.000000 1.500000 0.000000
9.300 4.300000 4.000000 1.500000 0.000000
9.320 4.320000 4.000000 1.500000 0.000000
9.340 4.340000 4.000000 1.500000 0.000000
9.360 4.360000 4.000000 1.500000 0.000000
9.380 4.380000 4.000000 1.500000 0.000000
9.400 4.400000 4.000000 1.500000 0.000000
9.420 4.420000 4.000000 1.500000 0.000000
9.440 4.440000 4.000000 1.500000 0.000000
9.460 4.460000 4.000000 1.500000 0.000000
9.480 4.480000 4.000000 1.500000 0.000000
9.500 4.500000 4.000000 1.500000 0.000000
9.520 4.520000 4.000000 1.500000 0.000000
9.540 4.540000 4.000000 1.500000 0.000000
9.560 4.560000 4.000000 1.500000 0.000000
9.580 4.580000 4.000000 1.500000 0.000000
9.600 4.600000 4.000000 1.500000 0.000000
9.620 4.620000 4.000000 1.500000 0.000000
9.640 4.640000 4.000000 1.500000 0.000000
9.660 4.660000 4.000000 1.500000 0.000000
9.680 4.680000 4.000000 1.500000 0.000000
9.700 4.700000 4.000000 1.500000 0.000000
9.720 4.720000 4.000000 1.500000 0.000000
9.740 4.740000 4.000000 1.500000 0.000000
9.760 4.760000 4.000000 1.500000 0.000000
9.780 4.780000 4.000000 1.500000 0.000000
9.800 4.800000 4.000000 1.500000 0.000000
9.820 4.820000 4.000000 1.500000 0.000000
9.840 4.840000 4.000000 1.500000 0.000000
9.860 4.860000 4.000000 1.500000 0.000000
9.880 4.880000 4.000000 1.500000 0.000000
9.900 4.900000 4.000000 1.500000 0.000000
9.920 4.920000 4.000000 1.500000 0.000000
9.940 4.940000 4.000000 1.500000 0.000000
9.960 4.960000 4.000000 1.500000 0.000000
9.980 4.980000 4.000000 1.500000 0.000000
10.000 5.000000 4.000000 1.500000 0.000000
10.020 5.020000 4.000000 1.500000 0.000000
10.040 5.040000 4.000000 1.500000 0.000000
10.060 5.060000 4.000000 1.500000 0.000000
10.080 5.080000 4.000000 1.500000 0.000000
10.100 5.100000 4.000000 1.500000 0.000000
10.120 5.120000 4.000000 1.500000 0.000000
10.140 5.140000 4.000000 1.500000 0.000000
10.160 5.160000 4.000000 1.500000 0.000000
10.180 5.180000 4.000000 1.500000 0.000000
10.200 5.200000 4.000000 1.500000 0.000000
10.220 5.220000 4.000000 1.500000 0.000000
10.240 5.240000 4.000000 1.500000 0.000000
10.260 5.260000 4.000000 1.500000 0.000000
10.280 5.280000 4.000000 1.500000 0.000000
10.300 5.300000 4.000000 1.500000 0.000000
10.320 5.320000 4.000000 1.500000 0.000000
10.340 5.340000 4.000000 1.500000 0.000000
10.360 5.360000 4.000000 1.500000 0.000000
10.380 5.380000 4.000000 1.500000 0.000000
10.400 5.400000 4.000000 1.500000 0.000000
10.420 5.420000 4.000000 1.500000 0.000000
10.440 5.440000 4.000000 1.500000 0.000000
10.460 5.460000 4.000000 1.500000 0.000000
10.480 5.480000 4.000000 1.500000 0.000000
10.500 5.500000 4.000000 1.500000 0.000000
10.520 5.520000 4.000000 1.500000 0.000000
10.540 5.540000 4.000000 1.500000 0.000000
10.560 5.560000 4.000000 1.500000 0.000000
10.580 5.580000 4.000000 1.500000 0.000000
10.600 5.600000 4.000000 1.500000 0.000000
10.620 5.620000 4.000000 1.500000 0.000000
10.640 5.640000 4.000000 1.500000 0.000000
10.660 5.660000 4.000000 1.500000 0.000000
10.680 5.680000 4.000000 1.500000 0.000000
10.700 5.700000 4.000000 1.500000 0.000000
10.720 5.720000 4.000000 1.500000 0.000000
10.740 5.740000 4.000000 1.500000 0.000000
10.760 5.760000 4.000000 1.500000 0.000000
10.780 5.780000 4.000000 1.500000 0.000000
10.800 5.800000 4.000000 1.500000 0.000000
10.820 5.820000 4.000000 1.500000 0.000000
10.840 5.840000 4.000000 1.500000 0.000000
10.860 5.860000 4.000000 1.500000 0.000000
10.880 5.880000 4.000000 1.500000 0.000000
10.900 5.900000 4.000000 1.500000 0.000000
10.920 5.920000 4.000000 1.500000 0.000000
10.940 5.940000 4.000000 1.500000 0.000000
10.960 5.960000 4.000000 1.500000 0.000000
10.980 5.980000 4.000000 1.500000 0.000000
11.000 6.000000 4.000000 1.500000 0.000000
11.020 6.000000 4.000000 1.500000 -0.031416
11.040 6.000000 4.000000 1.500000 -0.062832
11.060 6.000000 4.000000 1.500000 -0.094248
11.080 6.000000 4.000000 1.500000 -0.125664
11.100 6.000000 4.000000 1.500000 -0.157080
11.120 6.000000 4.000000 1.500000 -0.188496
11.140 6.000000 4.000000 1.500000 -0.219911
11.160 6.000000 4.000000 1.500000 -0.251327
11.180 6.000000 4.000000 1.500000 -0.282743
11.200 6.000000 4.000000 1.500000 -0.314159
11.220 6.000000 4.000000 1.500000 -0.345575
11.240 6.000000 4.000000 1.500000 -0.376991
11.260 6.000000 4.000000 1.500000 -0.408407
11.280 6.000000 4.000000 1.500000 -0.439823
11.300 6.000000 4.000000 1.500000 -0.471239
11.320 6.000000 4.000000 1.500000 -0.502655
11.340 6.000000 4.000000 1.500000 -0.534071
11.360 6.000000 4.000000 1.500000 -0.565487
11.380 6.000000 4.000000 1.500000 -0.596903
11.400 6.000000 4.000000 1.500000 -0.628319
11.420 6.000000 4.000000 1.500000 -0.659734
11.440 6.000000 4.000000 1.500000 -0.691150
11.460 6.000000 4.000000 1.500000 -0.722566
11.480 6.000000 4.000000 1.500000 -0.753982
11.500 6.000000 4.000000 1.500000 -0.785398
11.520 6.000000 4.000000 1.500000 -0.816814
11.540 6.000000 4.000000 1.500000 -0.848230
11.560 6.000000 4.000000 1.500000 -0.879646
11.580 6.000000 4.000000 1.500000 -0.911062
11.600 6.000000 4.000000 1.500000 -0.942478
11.620 6.000000 4.000000 1.500000 -0.973894
11.640 6.000000 4.000000 1.500000 -1.005310
11.660 6.000000 4.000000 1.500000 -1.036726
11.680 6.000000 4.000000 1.500000 -1.068142
11.700 6.000000 4.000000 1.500000 -1.099557
11.720 6.000000 4.000000 1.500000 -1.130973
11.740 6.000000 4.000000 1.500000 -1.162389
11.760 6.000000 4.000000 1.500000 -1.193805
11.780 6.000000 4.000000 1.500000 -1.225221
11.800 6.000000 4.000000 1.500000 -1.256637
11.820 6.000000 4.000000 1.500000 -1.288053
11.840 6.000000 4.000000 1.500000 -1.319469
11.860 6.000000 4.000000 1.500000 -1.350885
11.880 6.000000 4.000000 1.500000 -1.382301
11.900 6.000000 4.000000 1.500000 -1.413717
11.920 6.000000 4.000000 1.500000 -1.445133
11.940 6.000000 4.000000 1.500000 -1.476549
11.960 6.000000 4.000000 1.500000 -1.507964
11.980 6.000000 4.000000 1.500000 -1.539380
12.000 6.000000 4.000000 1.500000 -1.570796
12.020 6.000000 3.980000 1.500000 -1.570796
12.040 6.000000 3.960000 1.500000 -1.570796
12.060 6.000000 3.940000 1.500000 -1.570796
12.080 6.000000 3.920000 1.500000 -1.570796
12.100 6.000000 3.900000 1.500000 -1.570796
12.120 6.000000 3.880000 1.500000 -1.570796
12.140 6.000000 3.860000 1.500000 -1.570796
12.160 6.000000 3.840000 1.500000 -1.570796
12.180 6.000000 3.820000 1.500000 -1.570796
12.200 6.000000 3.800000 1.500000 -1.570796
12.220 6.000000 3.780000 1.500000 -1.570796
12.240 6.000000 3.760000 1.500000 -1.570796
12.260 6.000000 3.740000 1.500000 -1.570796
12.280 6.000000 3.720000 1.500000 -1.570796
12.300 6.000000 3.700000 1.500000 -1.570796
12.320 6.000000 3.680000 1.500000 -1.570796
12.340 6.000000 3.660000 1.500000 -1.570796
12.360 6.000000 3.640000 1.500000 -1.570796
12.380 6.000000 3.620000 1.500000 -1.570796
12.400 6.000000 3.600000 1.500000 -1.570796
12.420 6.000000 3.580000 1.500000 -1.570796
12.440 6.000000 3.560000 1.500000 -1.570796
12.460 6.000000 3.540000 1.500000 -1.570796
12.480 6.000000 3.520000 1.500000 -1.570796
12.500 6.000000 3.500000 1.500000 -1.570796
12.520 6.000000 3.480000 1.500000 -1.570796
12.540 6.000000 3.460000 1.500000 -1.570796
12.560 6.000000 3.440000 1.500000 -1.570796
12.580 6.000000 3.420000 1.500000 -1.570796
12.600 6.000000 3.400000 1.500000 -1.570796
12.620 6.000000 3.380000 1.500000 -1.570796
12.640 6.000000 3.360000 1.500000 -1.570796
12.660 6.000000 3.340000 1.500000 -1.570796
12.680 6.000000 3.320000 1.500000 -1.570796
12.700 6.000000 3.300000 1.500000 -1.570796
12.720 6.000000 3.280000 1.500000 -1.570796
12.740 6.000000 3.260000 1.500000 -1.570796
12.760 6.000000 3.240000 1.500000 -1.570796
12.780 6.000000 3.220000 1.500000 -1.570796
12.800 6.000000 3.200000 1.500000 -1.570796
12.820 6.000000 3.180000 1.500000 -1.570796
12.840 6.000000 3.160000 1.500000 -1.570796
12.860 6.000000 3.140000 1.500000 -1.570796
12.880 6.000000 3.120000 1.500000 -1.570796
12.900 6.000000 3.100000 1.500000 -1.570796
12.920 6.000000 3.080000 1.500000 -1.570796
12.940 6.000000 3.060000 1.500000 -1.570796
12.960 6.000000 3.040000 1.500000 -1.570796
12.980 6.000000 3.020000 1.500000 -1.570796
13.000 6.000000 3.000000 1.500000 -1.570796
13.020 6.000000 2.980000 1.500000 -1.570796
13.040 6.000000 2.960000 1.500000 -1.570796
13.060 6.000000 2.940000 1.500000 -1.570796
13.080 6.000000 2.920000 1.500000 -1.570796
13.100 6.000000 2.900000 1.500000 -1.570796
13.120 6.000000 2.880000 1.500000 -1.570796
13.140 6.000000 2.860000 1.500000 -1.570796
13.160 6.000000 2.840000 1.500000 -1.570796
13.180 6.000000 2.820000 1.500000 -1.570796
13.200 6.000000 2.800000 1.500000 -1.570796
13.220 6.000000 2.780000 1.500000 -1.570796
13.240 6.000000 2.760000 1.500000 -1.570796
13.260 6.000000 2.740000 1.500000 -1.570796
13.280 6.000000 2.720000 1.500000 -1.570796
13.300 6.000000 2.700000 1.500000 -1.570796
13.320 6.000000 2.680000 1.500000 -1.570796
13.340 6.000000 2.660000 1.500000 -1.570796
13.360 6.000000 2.640000 1.500000 -1.570796
13.380 6.000000 2.620000 1.500000 -1.570796
13.400 6.000000 2.600000 1.500000 -1.570796
13.420 6.000000 2.580000 1.500000 -1.570796
13.440 6.000000 2.560000 1.500000 -1.570796
13.460 6.000000 2.540000 1.500000 -1.570796
13.480 6.000000 2.520000 1.500000 -1.570796
13.500 6.000000 2.500000 1.500000 -1.570796
13.520 6.000000 2.480000 1.500000 -1.570796
13.540 6.000000 2.460000 1.500000 -1.570796
13.560 6.000000 2.440000 1.500000 -1.570796
13.580 6.000000 2.420000 1.500000 -1.570796
13.600 6.000000 2.400000 1.500000 -1.570796
13.620 6.000000 2.380000 1.500000 -1.570796
13.640 6.000000 2.360000 1.500000 -1.570796
13.660 6.000000 2.340000 1.500000 -1.570796
13.680 6.000000 2.320000 1.500000 -1.570796
13.700 6.000000 2.300000 1.500000 -1.570796
13.720 6.000000 2.280000 1.500000 -1.570796
13.740 6.000000 2.260000 1.500000 -1.570796
13.760 6.000000 2.240000 1.500000 -1.570796
13.780 6.000000 2.220000 1.500000 -1.570796
13.800 6.000000 2.200000 1.500000 -1.570796
13.820 6.000000 2.180000 1.500000 -1.570796
13.840 6.000000 2.160000 1.500000 -1.570796
13.860 6.000000 2.140000 1.500000 -1.570796
13.880 6.000000 2.120000 1.500000 -1.570796
13.900 6.000000 2.100000 1.500000 -1.570796
13.920 6.000000 2.080000 1.500000 -1.570796
13.940 6.000000 2.060000 1.500000 -1.570796
13.960 6.000000 2.040000 1.500000 -1.570796
13.980 6.000000 2.020000 1.500000 -1.570796
14.000 6.000000 2.000000 1.500000 -1.570796
14.020 6.000000 1.980000 1.500000 -1.570796
14.040 6.000000 1.960000 1.500000 -1.570796
14.060 6.000000 1.940000 1.500000 -1.570796
14.080 6.000000 1.920000 1.500000 -1.570796
14.100 6.000000 1.900000 1.500000 -1.570796
14.120 6.000000 1.880000 1.500000 -1.570796
14.140 6.000000 1.860000 1.500000 -1.570796
14.160 6.000000 1.840000 1.500000 -1.570796
14.180 6.000000 1.820000 1.500000 -1.570796
14.200 6.000000 1.800000 1.500000 -1.570796
14.220 6.000000 1.780000 1.500000 -1.570796
14.240 6.000000 1.760000 1.500000 -1.570796
14.260 6.000000 1.740000 1.500000 -1.570796
14.280 6.000000 1.720000 1.500000 -1.570796
14.300 6.000000 1.700000 1.500000 -1.570796
14.320 6.000000 1.680000 1.500000 -1.570796
14.340 6.000000 1.660000 1.500000 -1.570796
14.360 6.000000 1.640000 1.500000 -1.570796
14.380 6.000000 1.620000 1.500000 -1.570796
14.400 6.000000 1.600000 1.500000 -1.570796
14.420 6.000000 1.580000 1.500000 -1.570796
14.440 6.000000 1.560000 1.500000 -1.570796
14.460 6.000000 1.540000 1.500000 -1.570796
14.480 6.000000 1.520000 1.500000 -1.570796
14.500 6.000000 1.500000 1.500000 -1.570796
14.520 6.000000 1.480000 1.500000 -1.570796
14.540 6.000000 1.460000 1.500000 -1.570796
14.560 6.000000 1.440000 1.500000 -1.570796
14.580 6.000000 1.420000 1.500000 -1.570796
14.600 6.000000 1.400000 1.500000 -1.570796
14.620 6.000000 1.380000 1.500000 -1.570796
14.640 6.000000 1.360000 1.500000 -1.570796
14.660 6.000000 1.340000 1.500000 -1.570796
14.680 6.000000 1.320000 1.500000 -1.570796
14.700 6.000000 1.300000 1.500000 -1.570796
14.720 6.000000 1.280000 1.500000 -1.570796
14.740 6.000000 1.260000 1.500000 -1.570796
14.760 6.000000 1.240000 1.500000 -1.570796
14.780 6.000000 1.220000 1.500000 -1.570796
14.800 6.000000 1.200000 1.500000 -1.570796
14.820 6.000000 1.180000 1.500000 -1.570796
14.840 6.000000 1.160000 1.500000 -1.570796
14.860 6.000000 1.140000 1.500000 -1.570796
14.880 6.000000 1.120000 1.500000 -1.570796
14.900 6.000000 1.100000 1.500000 -1.570796
14.920 6.000000 1.080000 1.500000 -1.570796
14.940 6.000000 1.060000 1.500000 -1.570796
14.960 6.000000 1.040000 1.500000 -1.570796
14.980 6.000000 1.020000 1.500000 -1.570796
15.000 6.000000 1.000000 1.500000 -1.570796
15.020 6.000000 0.980000 1.500000 -1.570796
15.040 6.000000 0.960000 1.500000 -1.570796
15.060 6.000000 0.940000 1.500000 -1.570796
15.080 6.000000 0.920000 1.500000 -1.570796
15.100 6.000000 0.900000 1.500000 -1.570796
15.120 6.000000 0.880000 1.500000 -1.570796
15.140 6.000000 0.860000 1.500000 -1.570796
15.160 6.000000 0.840000 1.500000 -1.570796
15.180 6.000000 0.820000 1.500000 -1.570796
15.200 6.000000 0.800000 1.500000 -1.570796
15.220 6.000000 0.780000 1.500000 -1.570796
15.240 6.000000 0.760000 1.500000 -1.570796
15.260 6.000000 0.740000 1.500000 -1.570796
15.280 6.000000 0.720000 1.500000 -1.570796
15.300 6.000000 0.700000 1.500000 -1.570796
15.320 6.000000 0.680000 1.500000 -1.570796
15.340 6.000000 0.660000 1.500000 -1.570796
15.360 6.000000 0.640000 1.500000 -1.570796
15.380 6.000000 0.620000 1.500000 -1.570796
15.400 6.000000 0.600000 1.500000 -1.570796
15.420 6.000000 0.580000 1.500000 -1.570796
15.440 6.000000 0.560000 1.500000 -1.570796
15.460 6.000000 0.540000 1.500000 -1.570796
15.480 6.000000 0.520000 1.500000 -1.570796
15.500 6.000000 0.500000 1.500000 -1.570796
15.520 6.000000 0.480000 1.500000 -1.570796
15.540 6.000000 0.460000 1.500000 -1.570796
15.560 6.000000 0.440000 1.500000 -1.570796
15.580 6.000000 0.420000 1.500000 -1.570796
15.600 6.000000 0.400000 1.500000 -1.570796
15.620 6.000000 0.380000 1.500000 -1.570796
15.640 6.000000 0.360000 1.500000 -1.570796
15.660 6.000000 0.340000 1.500000 -1.570796
15.680 6.000000 0.320000 1.500000 -1.570796
15.700 6.000000 0.300000 1.500000 -1.570796
15.720 6.000000 0.280000 1.500000 -1.570796
15.740 6.000000 0.260000 1.500000 -1.570796
15.760 6.000000 0.240000 1.500000 -1.570796
15.780 6.000000 0.220000 1.500000 -1.570796
15.800 6.000000 0.200000 1.500000 -1.570796
15.820 6.000000 0.180000 1.500000 -1.570796
15.840 6.000000 0.160000 1.500000 -1.570796
15.860 6.000000 0.140000 1.500000 -1.570796
15.880 6.000000 0.120000 1.500000 -1.570796
15.900 6.000000 0.100000 1.500000 -1.570796
15.920 6.000000 0.080000 1.500000 -1.570796
15.940 6.000000 0.060000 1.500000 -1.570796
15.960 6.000000 0.040000 1.500000 -1.570796
15.980 6.000000 0.020000 1.500000 -1.570796
16.000 6.000000 0.000000 1.500000 -1.570796
16.020 6.000000 0.000000 1.500000 -1.570796
16.040 6.000000 0.000000 1.500000 -1.570796
16.060 6.000000 0.000000 1.500000 -1.570796
16.080 6.000000 0.000000 1.500000 -1.570796
16.100 6.000000 0.000000 1.500000 -1.570796
16.120 6.000000 0.000000 1.500000 -1.570796
16.140 6.000000 0.000000 1.500000 -1.570796
16.160 6.000000 0.000000 1.500000 -1.570796
16.180 6.000000 0.000000 1.500000 -1.570796
16.200 6.000000 0.000000 1.500000 -1.570796
16.220 6.000000 0.000000 1.500000 -1.570796
16.240 6.000000 0.000000 1.500000 -1.570796
16.260 6.000000 0.000000 1.500000 -1.570796
16.280 6.000000 0.000000 1.500000 -1.570796
16.300 6.000000 0.000000 1.500000 -1.570796
16.320 6.000000 0.000000 1.500000 -1.570796
16.340 6.000000 0.000000 1.500000 -1.570796
16.360 6.000000 0.000000 1.500000 -1.570796
16.380 6.000000 0.000000 1.500000 -1.570796
16.400 6.000000 0.000000 1.500000 -1.570796
16.420 6.000000 0.000000 1.500000 -1.570796
16.440 6.000000 0.000000 1.500000 -1.570796
16.460 6.000000 0.000000 1.500000 -1.570796
16.480 6.000000 0.000000 1.500000 -1.570796
16.500 6.000000 0.000000 1.500000 -1.570796
16.520 6.000000 0.000000 1.500000 -1.570796
16.540 6.000000 0.000000 1.500000 -1.570796
16.560 6.000000 0.000000 1.500000 -1.570796
16.580 6.000000 0.000000 1.500000 -1.570796
16.600 6.000000 0.000000 1.500000 -1.570796
16.620 6.000000 0.000000 1.500000 -1.570796
16.640 6.000000 0.000000 1.500000 -1.570796
16.660 6.000000 0.000000 1.500000 -1.570796
16.680 6.000000 0.000000 1.500000 -1.570796
16.700 6.000000 0.000000 1.500000 -1.570796
16.720 6.000000 0.000000 1.500000 -1.570796
16.740 6.000000 0.000000 1.500000 -1.570796
16.760 6.000000 0.000000 1.500000 -1.570796
16.780 6.000000 0.000000 1.500000 -1.570796
16.800 6.000000 0.000000 1.500000 -1.570796
16.820 6.000000 0.000000 1.500000 -1.570796
16.840 6.000000 0.000000 1.500000 -1.570796
16.860 6.000000 0.000000 1.500000 -1.570796
16.880 6.000000 0.000000 1.500000 -1.570796
16.900 6.000000 0.000000 1.500000 -1.570796
16.920 6.000000 0.000000 1.500000 -1.570796
16.940 6.000000 0.000000 1.500000 -1.570796
16.960 6.000000 0.000000 1.500000 -1.570796
16.980 6.000000 0.000000 1.500000 -1.570796
17.000 6.000000 0.000000 1.500000 -1.570796
17.020 6.000000 0.000000 1.500000 -1.570796
17.040 6.000000 0.000000 1.500000 -1.570796
17.060 6.000000 0.000000 1.500000 -1.570796
17.080 6.000000 0.000000 1.500000 -1.570796
17.100 6.000000 0.000000 1.500000 -1.570796
17.120 6.000000 0.000000 1.500000 -1.570796
17.140 6.000000 0.000000 1.500000 -1.570796
17.160 6.000000 0.000000 1.500000 -1.570796
17.180 6.000000 0.000000 1.500000 -1.570796
17.200 6.000000 0.000000 1.500000 -1.570796
17.220 6.000000 0.000000 1.500000 -1.570796
17.240 6.000000 0.000000 1.500000 -1.570796
17.260 6.000000 0.000000 1.500000 -1.570796
17.280 6.000000 0.000000 1.500000 -1.570796
17.300 6.000000 0.000000 1.500000 -1.570796
17.320 6.000000 0.000000 1.500000 -1.570796
17.340 6.000000 0.000000 1.500000 -1.570796
17.360 6.000000 0.000000 1.500000 -1.570796
17.380 6.000000 0.000000 1.500000 -1.570796
17.400 6.000000 0.000000 1.500000 -1.570796
17.420 6.000000 0.000000 1.500000 -1.570796
17.440 6.000000 0.000000 1.500000 -1.570796
17.460 6.000000 0.000000 1.500000 -1.570796
17.480 6.000000 0.000000 1.500000 -1.570796
17.500 6.000000 0.000000 1.500000 -1.570796
17.520 6.000000 0.000000 1.500000 -1.570796
17.540 6.000000 0.000000 1.500000 -1.570796
17.560 6.000000 0.000000 1.500000 -1.570796
17.580 6.000000 0.000000 1.500000 -1.570796
17.600 6.000000 0.000000 1.500000 -1.570796
17.620 6.000000 0.000000 1.500000 -1.570796
17.640 6.000000 0.000000 1.500000 -1.570796
17.660 6.000000 0.000000 1.500000 -1.570796
17.680 6.000000 0.000000 1.500000 -1.570796
17.700 6.000000 0.000000 1.500000 -1.570796
17.720 6.000000 0.000000 1.500000 -1.570796
17.740 6.000000 0.000000 1.500000 -1.570796
17.760 6.000000 0.000000 1.500000 -1.570796
17.780 6.000000 0.000000 1.500000 -1.570796
17.800 6.000000 0.000000 1.500000 -1.570796
17.820 6.000000 0.000000 1.500000 -1.570796
17.840 6.000000 0.000000 1.500000 -1.570796
17.860 6.000000 0.000000 1.500000 -1.570796
17.880 6.000000 0.000000 1.500000 -1.570796
17.900 6.000000 0.000000 1.500000 -1.570796
17.920 6.000000 0.000000 1.500000 -1.570796
17.940 6.000000 0.000000 1.500000 -1.570796
17.960 6.000000 0.000000 1.500000 -1.570796
17.980 6.000000 0.000000 1.500000 -1.570796
18.000 6.000000 0.000000 1.500000 -1.570796
