# t x y z theta
0.000 0.000000 0.000000 0.000000 0.000000
0.020 0.000000 0.000000 0.015000 0.000000
0.040 0.000000 0.000000 0.030000 0.000000
0.060 0.000000 0.000000 0.045000 0.000000
0.080 0.000000 0.000000 0.060000 0.000000
0.100 0.000000 0.000000 0.075000 0.000000
0.120 0.000000 0.000000 0.090000 0.000000
0.140 0.000000 0.000000 0.105000 0.000000
0.160 0.000000 0.000000 0.120000 0.000000
0.180 0.000000 0.000000 0.135000 0.000000
0.200 0.000000 0.000000 0.150000 0.000000
0.220 0.000000 0.000000 0.165000 0.000000
0.240 0.000000 0.000000 0.180000 0.000000
0.260 0.000000 0.000000 0.195000 0.000000
0.280 0.000000 0.000000 0.210000 0.000000
0.300 0.000000 0.000000 0.225000 0.000000
0.320 0.000000 0.000000 0.240000 0.000000
0.340 0.000000 0.000000 0.255000 0.000000
0.360 0.000000 0.000000 0.270000 0.000000
0.380 0.000000 0.000000 0.285000 0.000000
0.400 0.000000 0.000000 0.300000 0.000000
0.420 0.000000 0.000000 0.315000 0.000000
0.440 0.000000 0.000000 0.330000 0.000000
0.460 0.000000 0.000000 0.345000 0.000000
0.480 0.000000 0.000000 0.360000 0.000000
0.500 0.000000 0.000000 0.375000 0.000000
0.520 0.000000 0.000000 0.390000 0.000000
0.540 0.000000 0.000000 0.405000 0.000000
0.560 0.000000 0.000000 0.420000 0.000000
0.580 0.000000 0.000000 0.435000 0.000000
0.600 0.000000 0.000000 0.450000 0.000000
0.620 0.000000 0.000000 0.465000 0.000000
0.640 0.000000 0.000000 0.480000 0.000000
0.660 0.000000 0.000000 0.495000 0.000000
0.680 0.000000 0.000000 0.510000 0.000000
0.700 0.000000 0.000000 0.525000 0.000000
0.720 0.000000 0.000000 0.540000 0.000000
0.740 0.000000 0.000000 0.555000 0.000000
0.760 0.000000 0.000000 0.570000 0.000000
0.780 0.000000 0.000000 0.585000 0.000000
0.800 0.000000 0.000000 0.600000 0.000000
0.820 0.000000 0.000000 0.615000 0.000000
0.840 0.000000 0.000000 0.630000 0.000000
0.860 0.000000 0.000000 0.645000 0.000000
0.880 0.000000 0.000000 0.660000 0.000000
0.900 0.000000 0.000000 0.675000 0.000000
0.920 0.000000 0.000000 0.690000 0.000000
0.940 0.000000 0.000000 0.705000 0.000000
0.960 0.000000 0.000000 0.720000 0.000000
0.980 0.000000 0.000000 0.735000 0.000000
1.000 0.000000 0.000000 0.750000 0.000000
1.020 0.000000 0.000000 0.765000 0.000000
1.040 0.000000 0.000000 0.780000 0.000000
1.060 0.000000 0.000000 0.795000 0.000000
1.080 0.000000 0.000000 0.810000 0.000000
1.100 0.000000 0.000000 0.825000 0.000000
1.120 0.000000 0.000000 0.840000 0.000000
1.140 0.000000 0.000000 0.855000 0.000000
1.160 0.000000 0.000000 0.870000 0.000000
1.180 0.000000 0.000000 0.885000 0.000000
1.200 0.000000 0.000000 0.900000 0.000000
1.220 0.000000 0.000000 0.915000 0.000000
1.240 0.000000 0.000000 0.930000 0.000000
1.260 0.000000 0.000000 0.945000 0.000000
1.280 0.000000 0.000000 0.960000 0.000000
1.300 0.000000 0.000000 0.975000 0.000000
1.320 0.000000 0.000000 0.990000 0.000000
1.340 0.000000 0.000000 1.005000 0.000000
1.360 0.000000 0.000000 1.020000 0.000000
1.380 0.000000 0.000000 1.035000 0.000000
1.400 0.000000 0.000000 1.050000 0.000000
1.420 0.000000 0.000000 1.065000 0.000000
1.440 0.000000 0.000000 1.080000 0.000000
1.460 0.000000 0.000000 1.095000 0.000000
1.480 0.000000 0.000000 1.110000 0.000000
1.500 0.000000 0.000000 1.125000 0.000000
1.520 0.000000 0.000000 1.140000 0.000000
1.540 0.000000 0.000000 1.155000 0.000000
1.560 0.000000 0.000000 1.170000 0.000000
1.580 0.000000 0.000000 1.185000 0.000000
1.600 0.000000 0.000000 1.200000 0.000000
1.620 0.000000 0.000000 1.215000 0.000000
1.640 0.000000 0.000000 1.230000 0.000000
1.660 0.000000 0.000000 1.245000 0.000000
1.680 0.000000 0.000000 1.260000 0.000000
1.700 0.000000 0.000000 1.275000 0.000000
1.720 0.000000 0.000000 1.290000 0.000000
1.740 0.000000 0.000000 1.305000 0.000000
1.760 0.000000 0.000000 1.320000 0.000000
1.780 0.000000 0.000000 1.335000 0.000000
1.800 0.000000 0.000000 1.350000 0.000000
1.820 0.000000 0.000000 1.365000 0.000000
1.840 0.000000 0.000000 1.380000 0.000000
1.860 0.000000 0.000000 1.395000 0.000000
1.880 0.000000 0.000000 1.410000 0.000000
1.900 0.000000 0.000000 1.425000 0.000000
1.920 0.000000 0.000000 1.440000 0.000000
1.940 0.000000 0.000000 1.455000 0.000000
1.960 0.000000 0.000000 1.470000 0.000000
1.980 0.000000 0.000000 1.485000 0.000000
2.000 0.000000 0.000000 1.500000 0.000000
2.020 0.000000 0.010000 1.500000 1.570796
2.040 0.000000 0.020000 1.500000 1.570796
2.060 0.000000 0.030000 1.500000 1.570796
2.080 0.000000 0.040000 1.500000 1.570796
2.100 0.000000 0.050000 1.500000 1.570796
2.120 0.000000 0.060000 1.500000 1.570796
2.140 0.000000 0.070000 1.500000 1.570796
2.160 0.000000 0.080000 1.500000 1.570796
2.180 0.000000 0.090000 1.500000 1.570796
2.200 0.000000 0.100000 1.500000 1.570796
2.220 0.000000 0.110000 1.500000 1.570796
2.240 0.000000 0.120000 1.500000 1.570796
2.260 0.000000 0.130000 1.500000 1.570796
2.280 0.000000 0.140000 1.500000 1.570796
2.300 0.000000 0.150000 1.500000 1.570796
2.320 0.000000 0.160000 1.500000 1.570796
2.340 0.000000 0.170000 1.500000 1.570796
2.360 0.000000 0.180000 1.500000 1.570796
2.380 0.000000 0.190000 1.500000 1.570796
2.400 0.000000 0.200000 1.500000 1.570796
2.420 0.000000 0.210000 1.500000 1.570796
2.440 0.000000 0.220000 1.500000 1.570796
2.460 0.000000 0.230000 1.500000 1.570796
2.480 0.000000 0.240000 1.500000 1.570796
2.500 0.000000 0.250000 1.500000 1.570796
2.520 0.000000 0.260000 1.500000 1.570796
2.540 0.000000 0.270000 1.500000 1.570796
2.560 0.000000 0.280000 1.500000 1.570796
2.580 0.000000 0.290000 1.500000 1.570796
2.600 0.000000 0.300000 1.500000 1.570796
2.620 0.000000 0.310000 1.500000 1.570796
2.640 0.000000 0.320000 1.500000 1.570796
2.660 0.000000 0.330000 1.500000 1.570796
2.680 0.000000 0.340000 1.500000 1.570796
2.700 0.000000 0.350000 1.500000 1.570796
2.720 0.000000 0.360000 1.500000 1.570796
2.740 0.000000 0.370000 1.500000 1.570796
2.760 0.000000 0.380000 1.500000 1.570796
2.780 0.000000 0.390000 1.500000 1.570796
2.800 0.000000 0.400000 1.500000 1.570796
2.820 0.000000 0.410000 1.500000 1.570796
2.840 0.000000 0.420000 1.500000 1.570796
2.860 0.000000 0.430000 1.500000 1.570796
2.880 0.000000 0.440000 1.500000 1.570796
2.900 0.000000 0.450000 1.500000 1.570796
2.920 0.000000 0.460000 1.500000 1.570796
2.940 0.000000 0.470000 1.500000 1.570796
2.960 0.000000 0.480000 1.500000 1.570796
2.980 0.000000 0.490000 1.500000 1.570796
3.000 0.000000 0.500000 1.500000 1.570796
3.020 0.000000 0.510000 1.500000 1.570796
3.040 0.000000 0.520000 1.500000 1.570796
3.060 0.000000 0.530000 1.500000 1.570796
3.080 0.000000 0.540000 1.500000 1.570796
3.100 0.000000 0.550000 1.500000 1.570796
3.120 0.000000 0.560000 1.500000 1.570796
3.140 0.000000 0.570000 1.500000 1.570796
3.160 0.000000 0.580000 1.500000 1.570796
3.180 0.000000 0.590000 1.500000 1.570796
3.200 0.000000 0.600000 1.500000 1.570796
3.220 0.000000 0.610000 1.500000 1.570796
3.240 0.000000 0.620000 1.500000 1.570796
3.260 0.000000 0.630000 1.500000 1.570796
3.280 0.000000 0.640000 1.500000 1.570796
3.300 0.000000 0.650000 1.500000 1.570796
3.320 0.000000 0.660000 1.500000 1.570796
3.340 0.000000 0.670000 1.500000 1.570796
3.360 0.000000 0.680000 1.500000 1.570796
3.380 0.000000 0.690000 1.500000 1.570796
3.400 0.000000 0.700000 1.500000 1.570796
3.420 0.000000 0.710000 1.500000 1.570796
3.440 0.000000 0.720000 1.500000 1.570796
3.460 0.000000 0.730000 1.500000 1.570796
3.480 0.000000 0.740000 1.500000 1.570796
3.500 0.000000 0.750000 1.500000 1.570796
3.520 0.000000 0.760000 1.500000 1.570796
3.540 0.000000 0.770000 1.500000 1.570796
3.560 0.000000 0.780000 1.500000 1.570796
3.580 0.000000 0.790000 1.500000 1.570796
3.600 0.000000 0.800000 1.500000 1.570796
3.620 0.000000 0.810000 1.500000 1.570796
3.640 0.000000 0.820000 1.500000 1.570796
3.660 0.000000 0.830000 1.500000 1.570796
3.680 0.000000 0.840000 1.500000 1.570796
3.700 0.000000 0.850000 1.500000 1.570796
3.720 0.000000 0.860000 1.500000 1.570796
3.740 0.000000 0.870000 1.500000 1.570796
3.760 0.000000 0.880000 1.500000 1.570796
3.780 0.000000 0.890000 1.500000 1.570796
3.800 0.000000 0.900000 1.500000 1.570796
3.820 0.000000 0.910000 1.500000 1.570796
3.840 0.000000 0.920000 1.500000 1.570796
3.860 0.000000 0.930000 1.500000 1.570796
3.880 0.000000 0.940000 1.500000 1.570796
3.900 0.000000 0.950000 1.500000 1.570796
3.920 0.000000 0.960000 1.500000 1.570796
3.940 0.000000 0.970000 1.500000 1.570796
3.960 0.000000 0.980000 1.500000 1.570796
3.980 0.000000 0.990000 1.500000 1.570796
4.000 0.000000 1.000000 1.500000 1.570796
4.020 0.000000 1.010000 1.500000 1.570796
4.040 0.000000 1.020000 1.500000 1.570796
4.060 0.000000 1.030000 1.500000 1.570796
4.080 0.000000 1.040000 1.500000 1.570796
4.100 0.000000 1.050000 1.500000 1.570796
4.120 0.000000 1.060000 1.500000 1.570796
4.140 0.000000 1.070000 1.500000 1.570796
4.160 0.000000 1.080000 1.500000 1.570796
4.180 0.000000 1.090000 1.500000 1.570796
4.200 0.000000 1.100000 1.500000 1.570796
4.220 0.000000 1.110000 1.500000 1.570796
4.240 0.000000 1.120000 1.500000 1.570796
4.260 0.000000 1.130000 1.500000 1.570796
4.280 0.000000 1.140000 1.500000 1.570796
4.300 0.000000 1.150000 1.500000 1.570796
4.320 0.000000 1.160000 1.500000 1.570796
4.340 0.000000 1.170000 1.500000 1.570796
4.360 0.000000 1.180000 1.500000 1.570796
4.380 0.000000 1.190000 1.500000 1.570796
4.400 0.000000 1.200000 1.500000 1.570796
4.420 0.000000 1.210000 1.500000 1.570796
4.440 0.000000 1.220000 1.500000 1.570796
4.460 0.000000 1.230000 1.500000 1.570796
4.480 0.000000 1.240000 1.500000 1.570796
4.500 0.000000 1.250000 1.500000 1.570796
4.520 0.000000 1.260000 1.500000 1.570796
4.540 0.000000 1.270000 1.500000 1.570796
4.560 0.000000 1.280000 1.500000 1.570796
4.580 0.000000 1.290000 1.500000 1.570796
4.600 0.000000 1.300000 1.500000 1.570796
4.620 0.000000 1.310000 1.500000 1.570796
4.640 0.000000 1.320000 1.500000 1.570796
4.660 0.000000 1.330000 1.500000 1.570796
4.680 0.000000 1.340000 1.500000 1.570796
4.700 0.000000 1.350000 1.500000 1.570796
4.720 0.000000 1.360000 1.500000 1.570796
4.740 0.000000 1.370000 1.500000 1.570796
4.760 0.000000 1.380000 1.500000 1.570796
4.780 0.000000 1.390000 1.500000 1.570796
4.800 0.000000 1.400000 1.500000 1.570796
4.820 0.000000 1.410000 1.500000 1.570796
4.840 0.000000 1.420000 1.500000 1.570796
4.860 0.000000 1.430000 1.500000 1.570796
4.880 0.000000 1.440000 1.500000 1.570796
4.900 0.000000 1.450000 1.500000 1.570796
4.920 0.000000 1.460000 1.500000 1.570796
4.940 0.000000 1.470000 1.500000 1.570796
4.960 0.000000 1.480000 1.500000 1.570796
4.980 0.000000 1.490000 1.500000 1.570796
5.000 0.000000 1.500000 1.500000 1.570796
5.020 0.000000 1.510000 1.500000 1.570796
5.040 0.000000 1.520000 1.500000 1.570796
5.060 0.000000 1.530000 1.500000 1.570796
5.080 0.000000 1.540000 1.500000 1.570796
5.100 0.000000 1.550000 1.500000 1.570796
5.120 0.000000 1.560000 1.500000 1.570796
5.140 0.000000 1.570000 1.500000 1.570796
5.160 0.000000 1.580000 1.500000 1.570796
5.180 0.000000 1.590000 1.500000 1.570796
5.200 0.000000 1.600000 1.500000 1.570796
5.220 0.000000 1.610000 1.500000 1.570796
5.240 0.000000 1.620000 1.500000 1.570796
5.260 0.000000 1.630000 1.500000 1.570796
5.280 0.000000 1.640000 1.500000 1.570796
5.300 0.000000 1.650000 1.500000 1.570796
5.320 0.000000 1.660000 1.500000 1.570796
5.340 0.000000 1.670000 1.500000 1.570796
5.360 0.000000 1.680000 1.500000 1.570796
5.380 0.000000 1.690000 1.500000 1.570796
5.400 0.000000 1.700000 1.500000 1.570796
5.420 0.000000 1.710000 1.500000 1.570796
5.440 0.000000 1.720000 1.500000 1.570796
5.460 0.000000 1.730000 1.500000 1.570796
5.480 0.000000 1.740000 1.500000 1.570796
5.500 0.000000 1.750000 1.500000 1.570796
5.520 0.000000 1.760000 1.500000 1.570796
5.540 0.000000 1.770000 1.500000 1.570796
5.560 0.000000 1.780000 1.500000 1.570796
5.580 0.000000 1.790000 1.500000 1.570796
5.600 0.000000 1.800000 1.500000 1.570796
5.620 0.000000 1.810000 1.500000 1.570796
5.640 0.000000 1.820000 1.500000 1.570796
5.660 0.000000 1.830000 1.500000 1.570796
5.680 0.000000 1.840000 1.500000 1.570796
5.700 0.000000 1.850000 1.500000 1.570796
5.720 0.000000 1.860000 1.500000 1.570796
5.740 0.000000 1.870000 1.500000 1.570796
5.760 0.000000 1.880000 1.500000 1.570796
5.780 0.000000 1.890000 1.500000 1.570796
5.800 0.000000 1.900000 1.500000 1.570796
5.820 0.000000 1.910000 1.500000 1.570796
5.840 0.000000 1.920000 1.500000 1.570796
5.860 0.000000 1.930000 1.500000 1.570796
5.880 0.000000 1.940000 1.500000 1.570796
5.900 0.000000 1.950000 1.500000 1.570796
5.920 0.000000 1.960000 1.500000 1.570796
5.940 0.000000 1.970000 1.500000 1.570796
5.960 0.000000 1.980000 1.500000 1.570796
5.980 0.000000 1.990000 1.500000 1.570796
6.000 0.000000 2.000000 1.500000 1.570796
6.020 0.000000 2.010000 1.500000 1.570796
6.040 0.000000 2.020000 1.500000 1.570796
6.060 0.000000 2.030000 1.500000 1.570796
6.080 0.000000 2.040000 1.500000 1.570796
6.100 0.000000 2.050000 1.500000 1.570796
6.120 0.000000 2.060000 1.500000 1.570796
6.140 0.000000 2.070000 1.500000 1.570796
6.160 0.000000 2.080000 1.500000 1.570796
6.180 0.000000 2.090000 1.500000 1.570796
6.200 0.000000 2.100000 1.500000 1.570796
6.220 0.000000 2.110000 1.500000 1.570796
6.240 0.000000 2.120000 1.500000 1.570796
6.260 0.000000 2.130000 1.500000 1.570796
6.280 0.000000 2.140000 1.500000 1.570796
6.300 0.000000 2.150000 1.500000 1.570796
6.320 0.000000 2.160000 1.500000 1.570796
6.340 0.000000 2.170000 1.500000 1.570796
6.360 0.000000 2.180000 1.500000 1.570796
6.380 0.000000 2.190000 1.500000 1.570796
6.400 0.000000 2.200000 1.500000 1.570796
6.420 0.000000 2.210000 1.500000 1.570796
6.440 0.000000 2.220000 1.500000 1.570796
6.460 0.000000 2.230000 1.500000 1.570796
6.480 0.000000 2.240000 1.500000 1.570796
6.500 0.000000 2.250000 1.500000 1.570796
6.520 0.000000 2.260000 1.500000 1.570796
6.540 0.000000 2.270000 1.500000 1.570796
6.560 0.000000 2.280000 1.500000 1.570796
6.580 0.000000 2.290000 1.500000 1.570796
6.600 0.000000 2.300000 1.500000 1.570796
6.620 0.000000 2.310000 1.500000 1.570796
6.640 0.000000 2.320000 1.500000 1.570796
6.660 0.000000 2.330000 1.500000 1.570796
6.680 0.000000 2.340000 1.500000 1.570796
6.700 0.000000 2.350000 1.500000 1.570796
6.720 0.000000 2.360000 1.500000 1.570796
6.740 0.000000 2.370000 1.500000 1.570796
6.760 0.000000 2.380000 1.500000 1.570796
6.780 0.000000 2.390000 1.500000 1.570796
6.800 0.000000 2.400000 1.500000 1.570796
6.820 0.000000 2.410000 1.500000 1.570796
6.840 0.000000 2.420000 1.500000 1.570796
6.860 0.000000 2.430000 1.500000 1.570796
6.880 0.000000 2.440000 1.500000 1.570796
6.900 0.000000 2.450000 1.500000 1.570796
6.920 0.000000 2.460000 1.500000 1.570796
6.940 0.000000 2.470000 1.500000 1.570796
6.960 0.000000 2.480000 1.500000 1.570796
6.980 0.000000 2.490000 1.500000 1.570796
7.000 0.000000 2.500000 1.500000 1.570796
7.020 0.000000 2.510000 1.500000 1.570796
7.040 0.000000 2.520000 1.500000 1.570796
7.060 0.000000 2.530000 1.500000 1.570796
7.080 0.000000 2.540000 1.500000 1.570796
7.100 0.000000 2.550000 1.500000 1.570796
7.120 0.000000 2.560000 1.500000 1.570796
7.140 0.000000 2.570000 1.500000 1.570796
7.160 0.000000 2.580000 1.500000 1.570796
7.180 0.000000 2.590000 1.500000 1.570796
7.200 0.000000 2.600000 1.500000 1.570796
7.220 0.000000 2.610000 1.500000 1.570796
7.240 0.000000 2.620000 1.500000 1.570796
7.260 0.000000 2.630000 1.500000 1.570796
7.280 0.000000 2.640000 1.500000 1.570796
7.300 0.000000 2.650000 1.500000 1.570796
7.320 0.000000 2.660000 1.500000 1.570796
7.340 0.000000 2.670000 1.500000 1.570796
7.360 0.000000 2.680000 1.500000 1.570796
7.380 0.000000 2.690000 1.500000 1.570796
7.400 0.000000 2.700000 1.500000 1.570796
7.420 0.000000 2.710000 1.500000 1.570796
7.440 0.000000 2.720000 1.500000 1.570796
7.460 0.000000 2.730000 1.500000 1.570796
7.480 0.000000 2.740000 1.500000 1.570796
7.500 0.000000 2.750000 1.500000 1.570796
7.520 0.000000 2.760000 1.500000 1.570796
7.540 0.000000 2.770000 1.500000 1.570796
7.560 0.000000 2.780000 1.500000 1.570796
7.580 0.000000 2.790000 1.500000 1.570796
7.600 0.000000 2.800000 1.500000 1.570796
7.620 0.000000 2.810000 1.500000 1.570796
7.640 0.000000 2.820000 1.500000 1.570796
7.660 0.000000 2.830000 1.500000 1.570796
7.680 0.000000 2.840000 1.500000 1.570796
7.700 0.000000 2.850000 1.500000 1.570796
7.720 0.000000 2.860000 1.500000 1.570796
7.740 0.000000 2.870000 1.500000 1.570796
7.760 0.000000 2.880000 1.500000 1.570796
7.780 0.000000 2.890000 1.500000 1.570796
7.800 0.000000 2.900000 1.500000 1.570796
7.820 0.000000 2.910000 1.500000 1.570796
7.840 0.000000 2.920000 1.500000 1.570796
7.860 0.000000 2.930000 1.500000 1.570796
7.880 0.000000 2.940000 1.500000 1.570796
7.900 0.000000 2.950000 1.500000 1.570796
7.920 0.000000 2.960000 1.500000 1.570796
7.940 0.000000 2.970000 1.500000 1.570796
7.960 0.000000 2.980000 1.500000 1.570796
7.980 0.000000 2.990000 1.500000 1.570796
8.000 0.000000 3.000000 1.500000 1.570796
8.020 0.000000 3.010000 1.500000 1.570796
8.040 0.000000 3.020000 1.500000 1.570796
8.060 0.000000 3.030000 1.500000 1.570796
8.080 0.000000 3.040000 1.500000 1.570796
8.100 0.000000 3.050000 1.500000 1.570796
8.120 0.000000 3.060000 1.500000 1.570796
8.140 0.000000 3.070000 1.500000 1.570796
8.160 0.000000 3.080000 1.500000 1.570796
8.180 0.000000 3.090000 1.500000 1.570796
8.200 0.000000 3.100000 1.500000 1.570796
8.220 0.000000 3.110000 1.500000 1.570796
8.240 0.000000 3.120000 1.500000 1.570796
8.260 0.000000 3.130000 1.500000 1.570796
8.280 0.000000 3.140000 1.500000 1.570796
8.300 0.000000 3.150000 1.500000 1.570796
8.320 0.000000 3.160000 1.500000 1.570796
8.340 0.000000 3.170000 1.500000 1.570796
8.360 0.000000 3.180000 1.500000 1.570796
8.380 0.000000 3.190000 1.500000 1.570796
8.400 0.000000 3.200000 1.500000 1.570796
8.420 0.000000 3.210000 1.500000 1.570796
8.440 0.000000 3.220000 1.500000 1.570796
8.460 0.000000 3.230000 1.500000 1.570796
8.480 0.000000 3.240000 1.500000 1.570796
8.500 0.000000 3.250000 1.500000 1.570796
8.520 0.000000 3.260000 1.500000 1.570796
8.540 0.000000 3.270000 1.500000 1.570796
8.560 0.000000 3.280000 1.500000 1.570796
8.580 0.000000 3.290000 1.500000 1.570796
8.600 0.000000 3.300000 1.500000 1.570796
8.620 0.000000 3.310000 1.500000 1.570796
8.640 0.000000 3.320000 1.500000 1.570796
8.660 0.000000 3.330000 1.500000 1.570796
8.680 0.000000 3.340000 1.500000 1.570796
8.700 0.000000 3.350000 1.500000 1.570796
8.720 0.000000 3.360000 1.500000 1.570796
8.740 0.000000 3.370000 1.500000 1.570796
8.760 0.000000 3.380000 1.500000 1.570796
8.780 0.000000 3.390000 1.500000 1.570796
8.800 0.000000 3.400000 1.500000 1.570796
8.820 0.000000 3.410000 1.500000 1.570796
8.840 0.000000 3.420000 1.500000 1.570796
8.860 0.000000 3.430000 1.500000 1.570796
8.880 0.000000 3.440000 1.500000 1.570796
8.900 0.000000 3.450000 1.500000 1.570796
8.920 0.000000 3.460000 1.500000 1.570796
8.940 0.000000 3.470000 1.500000 1.570796
8.960 0.000000 3.480000 1.500000 1.570796
8.980 0.000000 3.490000 1.500000 1.570796
9.000 0.000000 3.500000 1.500000 1.570796
9.020 0.000000 3.510000 1.500000 1.570796
9.040 0.000000 3.520000 1.500000 1.570796
9.060 0.000000 3.530000 1.500000 1.570796
9.080 0.000000 3.540000 1.500000 1.570796
9.100 0.000000 3.550000 1.500000 1.570796
9.120 0.000000 3.560000 1.500000 1.570796
9.140 0.000000 3.570000 1.500000 1.570796
9.160 0.000000 3.580000 1.500000 1.570796
9.180 0.000000 3.590000 1.500000 1.570796
9.200 0.000000 3.600000 1.500000 1.570796
9.220 0.000000 3.610000 1.500000 1.570796
9.240 0.000000 3.620000 1.500000 1.570796
9.260 0.000000 3.630000 1.500000 1.570796
9.280 0.000000 3.640000 1.500000 1.570796
9.300 0.000000 3.650000 1.500000 1.570796
9.320 0.000000 3.660000 1.500000 1.570796
9.340 0.000000 3.670000 1.500000 1.570796
9.360 0.000000 3.680000 1.500000 1.570796
9.380 0.000000 3.690000 1.500000 1.570796
9.400 0.000000 3.700000 1.500000 1.570796
9.420 0.000000 3.710000 1.500000 1.570796
9.440 0.000000 3.720000 1.500000 1.570796
9.460 0.000000 3.730000 1.500000 1.570796
9.480 0.000000 3.740000 1.500000 1.570796
9.500 0.000000 3.750000 1.500000 1.570796
9.520 0.000000 3.760000 1.500000 1.570796
9.540 0.000000 3.770000 1.500000 1.570796
9.560 0.000000 3.780000 1.500000 1.570796
9.580 0.000000 3.790000 1.500000 1.570796
9.600 0.000000 3.800000 1.500000 1.570796
9.620 0.000000 3.810000 1.500000 1.570796
9.640 0.000000 3.820000 1.500000 1.570796
9.660 0.000000 3.830000 1.500000 1.570796
9.680 0.000000 3.840000 1.500000 1.570796
9.700 0.000000 3.850000 1.500000 1.570796
9.720 0.000000 3.860000 1.500000 1.570796
9.740 0.000000 3.870000 1.500000 1.570796
9.760 0.000000 3.880000 1.500000 1.570796
9.780 0.000000 3.890000 1.500000 1.570796
9.800 0.000000 3.900000 1.500000 1.570796
9.820 0.000000 3.910000 1.500000 1.570796
9.840 0.000000 3.920000 1.500000 1.570796
9.860 0.000000 3.930000 1.500000 1.570796
9.880 0.000000 3.940000 1.500000 1.570796
9.900 0.000000 3.950000 1.500000 1.570796
9.920 0.000000 3.960000 1.500000 1.570796
9.940 0.000000 3.970000 1.500000 1.570796
9.960 0.000000 3.980000 1.500000 1.570796
9.980 0.000000 3.990000 1.500000 1.570796
10.000 0.000000 4.000000 1.500000 1.570796
10.020 0.000000 4.000000 1.500000 1.539380
10.040 0.000000 4.000000 1.500000 1.507964
10.060 0.000000 4.000000 1.500000 1.476549
10.080 0.000000 4.000000 1.500000 1.445133
10.100 0.000000 4.000000 1.500000 1.413717
10.120 0.000000 4.000000 1.500000 1.382301
10.140 0.000000 4.000000 1.500000 1.350885
10.160 0.000000 4.000000 1.500000 1.319469
10.180 0.000000 4.000000 1.500000 1.288053
10.200 0.000000 4.000000 1.500000 1.256637
10.220 0.000000 4.000000 1.500000 1.225221
10.240 0.000000 4.000000 1.500000 1.193805
10.260 0.000000 4.000000 1.500000 1.162389
10.280 0.000000 4.000000 1.500000 1.130973
10.300 0.000000 4.000000 1.500000 1.099557
10.320 0.000000 4.000000 1.500000 1.068142
10.340 0.000000 4.000000 1.500000 1.036726
10.360 0.000000 4.000000 1.500000 1.005310
10.380 0.000000 4.000000 1.500000 0.973894
10.400 0.000000 4.000000 1.500000 0.942478
10.420 0.000000 4.000000 1.500000 0.911062
10.440 0.000000 4.000000 1.500000 0.879646
10.460 0.000000 4.000000 1.500000 0.848230
10.480 0.000000 4.000000 1.500000 0.816814
10.500 0.000000 4.000000 1.500000 0.785398
10.520 0.000000 4.000000 1.500000 0.753982
10.540 0.000000 4.000000 1.500000 0.722566
10.560 0.000000 4.000000 1.500000 0.691150
10.580 0.000000 4.000000 1.500000 0.659734
10.600 0.000000 4.000000 1.500000 0.628319
10.620 0.000000 4.000000 1.500000 0.596903
10.640 0.000000 4.000000 1.500000 0.565487
10.660 0.000000 4.000000 1.500000 0.534071
10.680 0.000000 4.000000 1.500000 0.502655
10.700 0.000000 4.000000 1.500000 0.471239
10.720 0.000000 4.000000 1.500000 0.439823
10.740 0.000000 4.000000 1.500000 0.408407
10.760 0.000000 4.000000 1.500000 0.376991
10.780 0.000000 4.000000 1.500000 0.345575
10.800 0.000000 4.000000 1.500000 0.314159
10.820 0.000000 4.000000 1.500000 0.282743
10.840 0.000000 4.000000 1.500000 0.251327
10.860 0.000000 4.000000 1.500000 0.219911
10.880 0.000000 4.000000 1.500000 0.188496
10.900 0.000000 4.000000 1.500000 0.157080
10.920 0.000000 4.000000 1.500000 0.125664
10.940 0.000000 4.000000 1.500000 0.094248
10.960 0.000000 4.000000 1.500000 0.062832
10.980 0.000000 4.000000 1.500000 0.031416
11.000 0.000000 4.000000 1.500000 0.000000
11.020 0.010000 4.000000 1.500000 0.000000
11.040 0.020000 4.000000 1.500000 0.000000
11.060 0.030000 4.000000 1.500000 0.000000
11.080 0.040000 4.000000 1.500000 0.000000
11.100 0.050000 4.000000 1.500000 0.000000
11.120 0.060000 4.000000 1.500000 0.000000
11.140 0.070000 4.000000 1.500000 0.000000
11.160 0.080000 4.000000 1.500000 0.000000
11.180 0.090000 4.000000 1.500000 0.000000
11.200 0.100000 4.000000 1.500000 0.000000
11.220 0.110000 4.000000 1.500000 0.000000
11.240 0.120000 4.000000 1.500000 0.000000
11.260 0.130000 4.000000 1.500000 0.000000
11.280 0.140000 4.000000 1.500000 0.000000
11.300 0.150000 4.000000 1.500000 0.000000
11.320 0.160000 4.000000 1.500000 0.000000
11.340 0.170000 4.000000 1.500000 0.000000
11.360 0.180000 4.000000 1.500000 0.000000
11.380 0.190000 4.000000 1.500000 0.000000
11.400 0.200000 4.000000 1.500000 0.000000
11.420 0.210000 4.000000 1.500000 0.000000
11.440 0.220000 4.000000 1.500000 0.000000
11.460 0.230000 4.000000 1.500000 0.000000
11.480 0.240000 4.000000 1.500000 0.000000
11.500 0.250000 4.000000 1.500000 0.000000
11.520 0.260000 4.000000 1.500000 0.000000
11.540 0.270000 4.000000 1.500000 0.000000
11.560 0.280000 4.000000 1.500000 0.000000
11.580 0.290000 4.000000 1.500000 0.000000
11.600 0.300000 4.000000 1.500000 0.000000
11.620 0.310000 4.000000 1.500000 0.000000
11.640 0.320000 4.000000 1.500000 0.000000
11.660 0.330000 4.000000 1.500000 0.000000
11.680 0.340000 4.000000 1.500000 0.000000
11.700 0.350000 4.000000 1.500000 0.000000
11.720 0.360000 4.000000 1.500000 0.000000
11.740 0.370000 4.000000 1.500000 0.000000
11.760 0.380000 4.000000 1.500000 0.000000
11.780 0.390000 4.000000 1.500000 0.000000
11.800 0.400000 4.000000 1.500000 0.000000
11.820 0.410000 4.000000 1.500000 0.000000
11.840 0.420000 4.000000 1.500000 0.000000
11.860 0.430000 4.000000 1.500000 0.000000
11.880 0.440000 4.000000 1.500000 0.000000
11.900 0.450000 4.000000 1.500000 0.000000
11.920 0.460000 4.000000 1.500000 0.000000
11.940 0.470000 4.000000 1.500000 0.000000
11.960 0.480000 4.000000 1.500000 0.000000
11.980 0.490000 4.000000 1.500000 0.000000
12.000 0.500000 4.000000 1.500000 0.000000
12.020 0.510000 4.000000 1.500000 0.000000
12.040 0.520000 4.000000 1.500000 0.000000
12.060 0.530000 4.000000 1.500000 0.000000
12.080 0.540000 4.000000 1.500000 0.000000
12.100 0.550000 4.000000 1.500000 0.000000
12.120 0.560000 4.000000 1.500000 0.000000
12.140 0.570000 4.000000 1.500000 0.000000
12.160 0.580000 4.000000 1.500000 0.000000
12.180 0.590000 4.000000 1.500000 0.000000
12.200 0.600000 4.000000 1.500000 0.000000
12.220 0.610000 4.000000 1.500000 0.000000
12.240 0.620000 4.000000 1.500000 0.000000
12.260 0.630000 4.000000 1.500000 0.000000
12.280 0.640000 4.000000 1.500000 0.000000
12.300 0.650000 4.000000 1.500000 0.000000
12.320 0.660000 4.000000 1.500000 0.000000
12.340 0.670000 4.000000 1.500000 0.000000
12.360 0.680000 4.000000 1.500000 0.000000
12.380 0.690000 4.000000 1.500000 0.000000
12.400 0.700000 4.000000 1.500000 0.000000
12.420 0.710000 4.000000 1.500000 0.000000
12.440 0.720000 4.000000 1.500000 0.000000
12.460 0.730000 4.000000 1.500000 0.000000
12.480 0.740000 4.000000 1.500000 0.000000
12.500 0.750000 4.000000 1.500000 0.000000
12.520 0.760000 4.000000 1.500000 0.000000
12.540 0.770000 4.000000 1.500000 0.000000
12.560 0.780000 4.000000 1.500000 0.000000
12.580 0.790000 4.000000 1.500000 0.000000
12.600 0.800000 4.000000 1.500000 0.000000
12.620 0.810000 4.000000 1.500000 0.000000
12.640 0.820000 4.000000 1.500000 0.000000
12.660 0.830000 4.000000 1.500000 0.000000
12.680 0.840000 4.000000 1.500000 0.000000
12.700 0.850000 4.000000 1.500000 0.000000
12.720 0.860000 4.000000 1.500000 0.000000
12.740 0.870000 4.000000 1.500000 0.000000
12.760 0.880000 4.000000 1.500000 0.000000
12.780 0.890000 4.000000 1.500000 0.000000
12.800 0.900000 4.000000 1.500000 0.000000
12.820 0.910000 4.000000 1.500000 0.000000
12.840 0.920000 4.000000 1.500000 0.000000
12.860 0.930000 4.000000 1.500000 0.000000
12.880 0.940000 4.000000 1.500000 0.000000
12.900 0.950000 4.000000 1.500000 0.000000
12.920 0.960000 4.000000 1.500000 0.000000
12.940 0.970000 4.000000 1.500000 0.000000
12.960 0.980000 4.000000 1.500000 0.000000
12.980 0.990000 4.000000 1.500000 0.000000
13.000 1.000000 4.000000 1.500000 0.000000
13.020 1.010000 4.000000 1.500000 0.000000
13.040 1.020000 4.000000 1.500000 0.000000
13.060 1.030000 4.000000 1.500000 0.000000
13.080 1.040000 4.000000 1.500000 0.000000
13.100 1.050000 4.000000 1.500000 0.000000
13.120 1.060000 4.000000 1.500000 0.000000
13.140 1.070000 4.000000 1.500000 0.000000
13.160 1.080000 4.000000 1.500000 0.000000
13.180 1.090000 4.000000 1.500000 0.000000
13.200 1.100000 4.000000 1.500000 0.000000
13.220 1.110000 4.000000 1.500000 0.000000
13.240 1.120000 4.000000 1.500000 0.000000
13.260 1.130000 4.000000 1.500000 0.000000
13.280 1.140000 4.000000 1.500000 0.000000
13.300 1.150000 4.000000 1.500000 0.000000
13.320 1.160000 4.000000 1.500000 0.000000
13.340 1.170000 4.000000 1.500000 0.000000
13.360 1.180000 4.000000 1.500000 0.000000
13.380 1.190000 4.000000 1.500000 0.000000
13.400 1.200000 4.000000 1.500000 0.000000
13.420 1.210000 4.000000 1.500000 0.000000
13.440 1.220000 4.000000 1.500000 0.000000
13.460 1.230000 4.000000 1.500000 0.000000
13.480 1.240000 4.000000 1.500000 0.000000
13.500 1.250000 4.000000 1.500000 0.000000
13.520 1.260000 4.000000 1.500000 0.000000
13.540 1.270000 4.000000 1.500000 0.000000
13.560 1.280000 4.000000 1.500000 0.000000
13.580 1.290000 4.000000 1.500000 0.000000
13.600 1.300000 4.000000 1.500000 0.000000
13.620 1.310000 4.000000 1.500000 0.000000
13.640 1.320000 4.000000 1.500000 0.000000
13.660 1.330000 4.000000 1.500000 0.000000
13.680 1.340000 4.000000 1.500000 0.000000
13.700 1.350000 4.000000 1.500000 0.000000
13.720 1.360000 4.000000 1.500000 0.000000
13.740 1.370000 4.000000 1.500000 0.000000
13.760 1.380000 4.000000 1.500000 0.000000
13.780 1.390000 4.000000 1.500000 0.000000
13.800 1.400000 4.000000 1.500000 0.000000
13.820 1.410000 4.000000 1.500000 0.000000
13.840 1.420000 4.000000 1.500000 0.000000
13.860 1.430000 4.000000 1.500000 0.000000
13.880 1.440000 4.000000 1.500000 0.000000
13.900 1.450000 4.000000 1.500000 0.000000
13.920 1.460000 4.000000 1.500000 0.000000
13.940 1.470000 4.000000 1.500000 0.000000
13.960 1.480000 4.000000 1.500000 0.000000
13.980 1.490000 4.000000 1.500000 0.000000
14.000 1.500000 4.000000 1.500000 0.000000
14.020 1.510000 4.000000 1.500000 0.000000
14.040 1.520000 4.000000 1.500000 0.000000
14.060 1.530000 4.000000 1.500000 0.000000
14.080 1.540000 4.000000 1.500000 0.000000
14.100 1.550000 4.000000 1.500000 0.000000
14.120 1.560000 4.000000 1.500000 0.000000
14.140 1.570000 4.000000 1.500000 0.000000
14.160 1.580000 4.000000 1.500000 0.000000
14.180 1.590000 4.000000 1.500000 0.000000
14.200 1.600000 4.000000 1.500000 0.000000
14.220 1.610000 4.000000 1.500000 0.000000
14.240 1.620000 4.000000 1.500000 0.000000
14.260 1.630000 4.000000 1.500000 0.000000
14.280 1.640000 4.000000 1.500000 0.000000
14.300 1.650000 4.000000 1.500000 0.000000
14.320 1.660000 4.000000 1.500000 0.000000
14.340 1.670000 4.000000 1.500000 0.000000
14.360 1.680000 4.000000 1.500000 0.000000
14.380 1.690000 4.000000 1.500000 0.000000
14.400 1.700000 4.000000 1.500000 0.000000
14.420 1.710000 4.000000 1.500000 0.000000
14.440 1.720000 4.000000 1.500000 0.000000
14.460 1.730000 4.000000 1.500000 0.000000
14.480 1.740000 4.000000 1.500000 0.000000
14.500 1.750000 4.000000 1.500000 0.000000
14.520 1.760000 4.000000 1.500000 0.000000
14.540 1.770000 4.000000 1.500000 0.000000
14.560 1.780000 4.000000 1.500000 0.000000
14.580 1.790000 4.000000 1.500000 0.000000
14.600 1.800000 4.000000 1.500000 0.000000
14.620 1.810000 4.000000 1.500000 0.000000
14.640 1.820000 4.000000 1.500000 0.000000
14.660 1.830000 4.000000 1.500000 0.000000
14.680 1.840000 4.000000 1.500000 0.000000
14.700 1.850000 4.000000 1.500000 0.000000
14.720 1.860000 4.000000 1.500000 0.000000
14.740 1.870000 4.000000 1.500000 0.000000
14.760 1.880000 4.000000 1.500000 0.000000
14.780 1.890000 4.000000 1.500000 0.000000
14.800 1.900000 4.000000 1.500000 0.000000
14.820 1.910000 4.000000 1.500000 0.000000
14.840 1.920000 4.000000 1.500000 0.000000
14.860 1.930000 4.000000 1.500000 0.000000
14.880 1.940000 4.000000 1.500000 0.000000
14.900 1.950000 4.000000 1.500000 0.000000
14.920 1.960000 4.000000 1.500000 0.000000
14.940 1.970000 4.000000 1.500000 0.000000
14.960 1.980000 4.000000 1.500000 0.000000
14.980 1.990000 4.000000 1.500000 0.000000
15.000 2.000000 4.000000 1.500000 0.000000
15.020 2.010000 4.000000 1.500000 0.000000
15.040 2.020000 4.000000 1.500000 0.000000
15.060 2.030000 4.000000 1.500000 0.000000
15.080 2.040000 4.000000 1.500000 0.000000
15.100 2.050000 4.000000 1.500000 0.000000
15.120 2.060000 4.000000 1.500000 0.000000
15.140 2.070000 4.000000 1.500000 0.000000
15.160 2.080000 4.000000 1.500000 0.000000
15.180 2.090000 4.000000 1.500000 0.000000
15.200 2.100000 4.000000 1.500000 0.000000
15.220 2.110000 4.000000 1.500000 0.000000
15.240 2.120000 4.000000 1.500000 0.000000
15.260 2.130000 4.000000 1.500000 0.000000
15.280 2.140000 4.000000 1.500000 0.000000
15.300 2.150000 4.000000 1.500000 0.000000
15.320 2.160000 4.000000 1.500000 0.000000
15.340 2.170000 4.000000 1.500000 0.000000
15.360 2.180000 4.000000 1.500000 0.000000
15.380 2.190000 4.000000 1.500000 0.000000
15.400 2.200000 4.000000 1.500000 0.000000
15.420 2.210000 4.000000 1.500000 0.000000
15.440 2.220000 4.000000 1.500000 0.000000
15.460 2.230000 4.000000 1.500000 0.000000
15.480 2.240000 4.000000 1.500000 0.000000
15.500 2.250000 4.000000 1.500000 0.000000
15.520 2.260000 4.000000 1.500000 0.000000
15.540 2.270000 4.000000 1.500000 0.000000
15.560 2.280000 4.000000 1.500000 0.000000
15.580 2.290000 4.000000 1.500000 0.000000
15.600 2.300000 4.000000 1.500000 0.000000
15.620 2.310000 4.000000 1.500000 0.000000
15.640 2.320000 4.000000 1.500000 0.000000
15.660 2.330000 4.000000 1.500000 0.000000
15.680 2.340000 4.000000 1.500000 0.000000
15.700 2.350000 4.000000 1.500000 0.000000
15.720 2.360000 4.000000 1.500000 0.000000
15.740 2.370000 4.000000 1.500000 0.000000
15.760 2.380000 4.000000 1.500000 0.000000
15.780 2.390000 4.000000 1.500000 0.000000
15.800 2.400000 4.000000 1.500000 0.000000
15.820 2.410000 4.000000 1.500000 0.000000
15.840 2.420000 4.000000 1.500000 0.000000
15.860 2.430000 4.000000 1.500000 0.000000
15.880 2.440000 4.000000 1.500000 0.000000
15.900 2.450000 4.000000 1.500000 0.000000
15.920 2.460000 4.000000 1.500000 0.000000
15.940 2.470000 4.000000 1.500000 0.000000
15.960 2.480000 4.000000 1.500000 0.000000
15.980 2.490000 4.000000 1.500000 0.000000
16.000 2.500000 4.000000 1.500000 0.000000
16.020 2.510000 4.000000 1.500000 0.000000
16.040 2.520000 4.000000 1.500000 0.000000
16.060 2.530000 4.000000 1.500000 0.000000
16.080 2.540000 4.000000 1.500000 0.000000
16.100 2.550000 4.000000 1.500000 0.000000
16.120 2.560000 4.000000 1.500000 0.000000
16.140 2.570000 4.000000 1.500000 0.000000
16.160 2.580000 4.000000 1.500000 0.000000
16.180 2.590000 4.000000 1.500000 0.000000
16.200 2.600000 4.000000 1.500000 0.000000
16.220 2.610000 4.000000 1.500000 0.000000
16.240 2.620000 4.000000 1.500000 0.000000
16.260 2.630000 4.000000 1.500000 0.000000
16.280 2.640000 4.000000 1.500000 0.000000
16.300 2.650000 4.000000 1.500000 0.000000
16.320 2.660000 4.000000 1.500000 0.000000
16.340 2.670000 4.000000 1.500000 0.000000
16.360 2.680000 4.000000 1.500000 0.000000
16.380 2.690000 4.000000 1.500000 0.000000
16.400 2.700000 4.000000 1.500000 0.000000
16.420 2.710000 4.000000 1.500000 0.000000
16.440 2.720000 4.000000 1.500000 0.000000
16.460 2.730000 4.000000 1.500000 0.000000
16.480 2.740000 4.000000 1.500000 0.000000
16.500 2.750000 4.000000 1.500000 0.000000
16.520 2.760000 4.000000 1.500000 0.000000
16.540 2.770000 4.000000 1.500000 0.000000
16.560 2.780000 4.000000 1.500000 0.000000
16.580 2.790000 4.000000 1.500000 0.000000
16.600 2.800000 4.000000 1.500000 0.000000
16.620 2.810000 4.000000 1.500000 0.000000
16.640 2.820000 4.000000 1.500000 0.000000
16.660 2.830000 4.000000 1.500000 0.000000
16.680 2.840000 4.000000 1.500000 0.000000
16.700 2.850000 4.000000 1.500000 0.000000
16.720 2.860000 4.000000 1.500000 0.000000
16.740 2.870000 4.000000 1.500000 0.000000
16.760 2.880000 4.000000 1.500000 0.000000
16.780 2.890000 4.000000 1.500000 0.000000
16.800 2.900000 4.000000 1.500000 0.000000
16.820 2.910000 4.000000 1.500000 0.000000
16.840 2.920000 4.000000 1.500000 0.000000
16.860 2.930000 4.000000 1.500000 0.000000
16.880 2.940000 4.000000 1.500000 0.000000
16.900 2.950000 4.000000 1.500000 0.000000
16.920 2.960000 4.000000 1.500000 0.000000
16.940 2.970000 4.000000 1.500000 0.000000
16.960 2.980000 4.000000 1.500000 0.000000
16.980 2.990000 4.000000 1.500000 0.000000
17.000 3.000000 4.000000 1.500000 0.000000
17.020 3.010000 4.000000 1.500000 0.000000
17.040 3.020000 4.000000 1.500000 0.000000
17.060 3.030000 4.000000 1.500000 0.000000
17.080 3.040000 4.000000 1.500000 0.000000
17.100 3.050000 4.000000 1.500000 0.000000
17.120 3.060000 4.000000 1.500000 0.000000
17.140 3.070000 4.000000 1.500000 0.000000
17.160 3.080000 4.000000 1.500000 0.000000
17.180 3.090000 4.000000 1.500000 0.000000
17.200 3.100000 4.000000 1.500000 0.000000
17.220 3.110000 4.000000 1.500000 0.000000
17.240 3.120000 4.000000 1.500000 0.000000
17.260 3.130000 4.000000 1.500000 0.000000
17.280 3.140000 4.000000 1.500000 0.000000
17.300 3.150000 4.000000 1.500000 0.000000
17.320 3.160000 4.000000 1.500000 0.000000
17.340 3.170000 4.000000 1.500000 0.000000
17.360 3.180000 4.000000 1.500000 0.000000
17.380 3.190000 4.000000 1.500000 0.000000
17.400 3.200000 4.000000 1.500000 0.000000
17.420 3.210000 4.000000 1.500000 0.000000
17.440 3.220000 4.000000 1.500000 0.000000
17.460 3.230000 4.000000 1.500000 0.000000
17.480 3.240000 4.000000 1.500000 0.000000
17.500 3.250000 4.000000 1.500000 0.000000
17.520 3.260000 4.000000 1.500000 0.000000
17.540 3.270000 4.000000 1.500000 0.000000
17.560 3.280000 4.000000 1.500000 0.000000
17.580 3.290000 4.000000 1.500000 0.000000
17.600 3.300000 4.000000 1.500000 0.000000
17.620 3.310000 4.000000 1.500000 0.000000
17.640 3.320000 4.000000 1.500000 0.000000
17.660 3.330000 4.000000 1.500000 0.000000
17.680 3.340000 4.000000 1.500000 0.000000
17.700 3.350000 4.000000 1.500000 0.000000
17.720 3.360000 4.000000 1.500000 0.000000
17.740 3.370000 4.000000 1.500000 0.000000
17.760 3.380000 4.000000 1.500000 0.000000
17.780 3.390000 4.000000 1.500000 0.000000
17.800 3.400000 4.000000 1.500000 0.000000
17.820 3.410000 4.000000 1.500000 0.000000
17.840 3.420000 4.000000 1.500000 0.000000
17.860 3.430000 4.000000 1.500000 0.000000
17.880 3.440000 4.000000 1.500000 0.000000
17.900 3.450000 4.000000 1.500000 0.000000
17.920 3.460000 4.000000 1.500000 0.000000
17.940 3.470000 4.000000 1.500000 0.000000
17.960 3.480000 4.000000 1.500000 0.000000
17.980 3.490000 4.000000 1.500000 0.000000
18.000 3.500000 4.000000 1.500000 0.000000
18.020 3.510000 4.000000 1.500000 0.000000
18.040 3.520000 4.000000 1.500000 0.000000
18.060 3.530000 4.000000 1.500000 0.000000
18.080 3.540000 4.000000 1.500000 0.000000
18.100 3.550000 4.000000 1.500000 0.000000
18.120 3.560000 4.000000 1.500000 0.000000
18.140 3.570000 4.000000 1.500000 0.000000
18.160 3.580000 4.000000 1.500000 0.000000
18.180 3.590000 4.000000 1.500000 0.000000
18.200 3.600000 4.000000 1.500000 0.000000
18.220 3.610000 4.000000 1.500000 0.000000
18.240 3.620000 4.000000 1.500000 0.000000
18.260 3.630000 4.000000 1.500000 0.000000
18.280 3.640000 4.000000 1.500000 0.000000
18.300 3.650000 4.000000 1.500000 0.000000
18.320 3.660000 4.000000 1.500000 0.000000
18.340 3.670000 4.000000 1.500000 0.000000
18.360 3.680000 4.000000 1.500000 0.000000
18.380 3.690000 4.000000 1.500000 0.000000
18.400 3.700000 4.000000 1.500000 0.000000
18.420 3.710000 4.000000 1.500000 0.000000
18.440 3.720000 4.000000 1.500000 0.000000
18.460 3.730000 4.000000 1.500000 0.000000
18.480 3.740000 4.000000 1.500000 0.000000
18.500 3.750000 4.000000 1.500000 0.000000
18.520 3.760000 4.000000 1.500000 0.000000
18.540 3.770000 4.000000 1.500000 0.000000
18.560 3.780000 4.000000 1.500000 0.000000
18.580 3.790000 4.000000 1.500000 0.000000
18.600 3.800000 4.000000 1.500000 0.000000
18.620 3.810000 4.000000 1.500000 0.000000
18.640 3.820000 4.000000 1.500000 0.000000
18.660 3.830000 4.000000 1.500000 0.000000
18.680 3.840000 4.000000 1.500000 0.000000
18.700 3.850000 4.000000 1.500000 0.000000
18.720 3.860000 4.000000 1.500000 0.000000
18.740 3.870000 4.000000 1.500000 0.000000
18.760 3.880000 4.000000 1.500000 0.000000
18.780 3.890000 4.000000 1.500000 0.000000
18.800 3.900000 4.000000 1.500000 0.000000
18.820 3.910000 4.000000 1.500000 0.000000
18.840 3.920000 4.000000 1.500000 0.000000
18.860 3.930000 4.000000 1.500000 0.000000
18.880 3.940000 4.000000 1.500000 0.000000
18.900 3.950000 4.000000 1.500000 0.000000
18.920 3.960000 4.000000 1.500000 0.000000
18.940 3.970000 4.000000 1.500000 0.000000
18.960 3.980000 4.000000 1.500000 0.000000
18.980 3.990000 4.000000 1.500000 0.000000
19.000 4.000000 4.000000 1.500000 0.000000
19.020 4.010000 4.000000 1.500000 0.000000
19.040 4.020000 4.000000 1.500000 0.000000
19.060 4.030000 4.000000 1.500000 0.000000
19.080 4.040000 4.000000 1.500000 0.000000
19.100 4.050000 4.000000 1.500000 0.000000
19.120 4.060000 4.000000 1.500000 0.000000
19.140 4.070000 4.000000 1.500000 0.000000
19.160 4.080000 4.000000 1.500000 0.000000
19.180 4.090000 4.000000 1.500000 0.000000
19.200 4.100000 4.000000 1.500000 0.000000
19.220 4.110000 4.000000 1.500000 0.000000
19.240 4.120000 4.000000 1.500000 0.000000
19.260 4.130000 4.000000 1.500000 0.000000
19.280 4.140000 4.000000 1.500000 0.000000
19.300 4.150000 4.000000 1.500000 0.000000
19.320 4.160000 4.000000 1.500000 0.000000
19.340 4.170000 4.000000 1.500000 0.000000
19.360 4.180000 4.000000 1.500000 0.000000
19.380 4.190000 4.000000 1.500000 0.000000
19.400 4.200000 4.000000 1.500000 0.000000
19.420 4.210000 4.000000 1.500000 0.000000
19.440 4.220000 4.000000 1.500000 0.000000
19.460 4.230000 4.000000 1.500000 0.000000
19.480 4.240000 4.000000 1.500000 0.000000
19.500 4.250000 4.000000 1.500000 0.000000
19.520 4.260000 4.000000 1.500000 0.000000
19.540 4.270000 4.000000 1.500000 0.000000
19.560 4.280000 4.000000 1.500000 0.000000
19.580 4.290000 4.000000 1.500000 0.000000
19.600 4.300000 4.000000 1.500000 0.000000
19.620 4.310000 4.000000 1.500000 0.000000
19.640 4.320000 4.000000 1.500000 0.000000
19.660 4.330000 4.000000 1.500000 0.000000
19.680 4.340000 4.000000 1.500000 0.000000
19.700 4.350000 4.000000 1.500000 0.000000
19.720 4.360000 4.000000 1.500000 0.000000
19.740 4.370000 4.000000 1.500000 0.000000
19.760 4.380000 4.000000 1.500000 0.000000
19.780 4.390000 4.000000 1.500000 0.000000
19.800 4.400000 4.000000 1.500000 0.000000
19.820 4.410000 4.000000 1.500000 0.000000
19.840 4.420000 4.000000 1.500000 0.000000
19.860 4.430000 4.000000 1.500000 0.000000
19.880 4.440000 4.000000 1.500000 0.000000
19.900 4.450000 4.000000 1.500000 0.000000
19.920 4.460000 4.000000 1.500000 0.000000
19.940 4.470000 4.000000 1.500000 0.000000
19.960 4.480000 4.000000 1.500000 0.000000
19.980 4.490000 4.000000 1.500000 0.000000
20.000 4.500000 4.000000 1.500000 0.000000
20.020 4.510000 4.000000 1.500000 0.000000
20.040 4.520000 4.000000 1.500000 0.000000
20.060 4.530000 4.000000 1.500000 0.000000
20.080 4.540000 4.000000 1.500000 0.000000
20.100 4.550000 4.000000 1.500000 0.000000
20.120 4.560000 4.000000 1.500000 0.000000
20.140 4.570000 4.000000 1.500000 0.000000
20.160 4.580000 4.000000 1.500000 0.000000
20.180 4.590000 4.000000 1.500000 0.000000
20.200 4.600000 4.000000 1.500000 0.000000
20.220 4.610000 4.000000 1.500000 0.000000
20.240 4.620000 4.000000 1.500000 0.000000
20.260 4.630000 4.000000 1.500000 0.000000
20.280 4.640000 4.000000 1.500000 0.000000
20.300 4.650000 4.000000 1.500000 0.000000
20.320 4.660000 4.000000 1.500000 0.000000
20.340 4.670000 4.000000 1.500000 0.000000
20.360 4.680000 4.000000 1.500000 0.000000
20.380 4.690000 4.000000 1.500000 0.000000
20.400 4.700000 4.000000 1.500000 0.000000
20.420 4.710000 4.000000 1.500000 0.000000
20.440 4.720000 4.000000 1.500000 0.000000
20.460 4.730000 4.000000 1.500000 0.000000
20.480 4.740000 4.000000 1.500000 0.000000
20.500 4.750000 4.000000 1.500000 0.000000
20.520 4.760000 4.000000 1.500000 0.000000
20.540 4.770000 4.000000 1.500000 0.000000
20.560 4.780000 4.000000 1.500000 0.000000
20.580 4.790000 4.000000 1.500000 0.000000
20.600 4.800000 4.000000 1.500000 0.000000
20.620 4.810000 4.000000 1.500000 0.000000
20.640 4.820000 4.000000 1.500000 0.000000
20.660 4.830000 4.000000 1.500000 0.000000
20.680 4.840000 4.000000 1.500000 0.000000
20.700 4.850000 4.000000 1.500000 0.000000
20.720 4.860000 4.000000 1.500000 0.000000
20.740 4.870000 4.000000 1.500000 0.000000
20.760 4.880000 4.000000 1.500000 0.000000
20.780 4.890000 4.000000 1.500000 0.000000
20.800 4.900000 4.000000 1.500000 0.000000
20.820 4.910000 4.000000 1.500000 0.000000
20.840 4.920000 4.000000 1.500000 0.000000
20.860 4.930000 4.000000 1.500000 0.000000
20.880 4.940000 4.000000 1.500000 0.000000
20.900 4.950000 4.000000 1.500000 0.000000
20.920 4.960000 4.000000 1.500000 0.000000
20.940 4.970000 4.000000 1.500000 0.000000
20.960 4.980000 4.000000 1.500000 0.000000
20.980 4.990000 4.000000 1.500000 0.000000
21.000 5.000000 4.000000 1.500000 0.000000
21.020 5.010000 4.000000 1.500000 0.000000
21.040 5.020000 4.000000 1.500000 0.000000
21.060 5.030000 4.000000 1.500000 0.000000
21.080 5.040000 4.000000 1.500000 0.000000
21.100 5.050000 4.000000 1.500000 0.000000
21.120 5.060000 4.000000 1.500000 0.000000
21.140 5.070000 4.000000 1.500000 0.000000
21.160 5.080000 4.000000 1.500000 0.000000
21.180 5.090000 4.000000 1.500000 0.000000
21.200 5.100000 4.000000 1.500000 0.000000
21.220 5.110000 4.000000 1.500000 0.000000
21.240 5.120000 4.000000 1.500000 0.000000
21.260 5.130000 4.000000 1.500000 0.000000
21.280 5.140000 4.000000 1.500000 0.000000
21.300 5.150000 4.000000 1.500000 0.000000
21.320 5.160000 4.000000 1.500000 0.000000
21.340 5.170000 4.000000 1.500000 0.000000
21.360 5.180000 4.000000 1.500000 0.000000
21.380 5.190000 4.000000 1.500000 0.000000
21.400 5.200000 4.000000 1.500000 0.000000
21.420 5.210000 4.000000 1.500000 0.000000
21.440 5.220000 4.000000 1.500000 0.000000
21.460 5.230000 4.000000 1.500000 0.000000
21.480 5.240000 4.000000 1.500000 0.000000
21.500 5.250000 4.000000 1.500000 0.000000
21.520 5.260000 4.000000 1.500000 0.000000
21.540 5.270000 4.000000 1.500000 0.000000
21.560 5.280000 4.000000 1.500000 0.000000
21.580 5.290000 4.000000 1.500000 0.000000
21.600 5.300000 4.000000 1.500000 0.000000
21.620 5.310000 4.000000 1.500000 0.000000
21.640 5.320000 4.000000 1.500000 0.000000
21.660 5.330000 4.000000 1.500000 0.000000
21.680 5.340000 4.000000 1.500000 0.000000
21.700 5.350000 4.000000 1.500000 0.000000
21.720 5.360000 4.000000 1.500000 0.000000
21.740 5.370000 4.000000 1.500000 0.000000
21.760 5.380000 4.000000 1.500000 0.000000
21.780 5.390000 4.000000 1.500000 0.000000
21.800 5.400000 4.000000 1.500000 0.000000
21.820 5.410000 4.000000 1.500000 0.000000
21.840 5.420000 4.000000 1.500000 0.000000
21.860 5.430000 4.000000 1.500000 0.000000
21.880 5.440000 4.000000 1.500000 0.000000
21.900 5.450000 4.000000 1.500000 0.000000
21.920 5.460000 4.000000 1.500000 0.000000
21.940 5.470000 4.000000 1.500000 0.000000
21.960 5.480000 4.000000 1.500000 0.000000
21.980 5.490000 4.000000 1.500000 0.000000
22.000 5.500000 4.000000 1.500000 0.000000
22.020 5.510000 4.000000 1.500000 0.000000
22.040 5.520000 4.000000 1.500000 0.000000
22.060 5.530000 4.000000 1.500000 0.000000
22.080 5.540000 4.000000 1.500000 0.000000
22.100 5.550000 4.000000 1.500000 0.000000
22.120 5.560000 4.000000 1.500000 0.000000
22.140 5.570000 4.000000 1.500000 0.000000
22.160 5.580000 4.000000 1.500000 0.000000
22.180 5.590000 4.000000 1.500000 0.000000
22.200 5.600000 4.000000 1.500000 0.000000
22.220 5.610000 4.000000 1.500000 0.000000
22.240 5.620000 4.000000 1.500000 0.000000
22.260 5.630000 4.000000 1.500000 0.000000
22.280 5.640000 4.000000 1.500000 0.000000
22.300 5.650000 4.000000 1.500000 0.000000
22.320 5.660000 4.000000 1.500000 0.000000
22.340 5.670000 4.000000 1.500000 0.000000
22.360 5.680000 4.000000 1.500000 0.000000
22.380 5.690000 4.000000 1.500000 0.000000
22.400 5.700000 4.000000 1.500000 0.000000
22.420 5.710000 4.000000 1.500000 0.000000
22.440 5.720000 4.000000 1.500000 0.000000
22.460 5.730000 4.000000 1.500000 0.000000
22.480 5.740000 4.000000 1.500000 0.000000
22.500 5.750000 4.000000 1.500000 0.000000
22.520 5.760000 4.000000 1.500000 0.000000
22.540 5.770000 4.000000 1.500000 0.000000
22.560 5.780000 4.000000 1.500000 0.000000
22.580 5.790000 4.000000 1.500000 0.000000
22.600 5.800000 4.000000 1.500000 0.000000
22.620 5.810000 4.000000 1.500000 0.000000
22.640 5.820000 4.000000 1.500000 0.000000
22.660 5.830000 4.000000 1.500000 0.000000
22.680 5.840000 4.000000 1.500000 0.000000
22.700 5.850000 4.000000 1.500000 0.000000
22.720 5.860000 4.000000 1.500000 0.000000
22.740 5.870000 4.000000 1.500000 0.000000
22.760 5.880000 4.000000 1.500000 0.000000
22.780 5.890000 4.000000 1.500000 0.000000
22.800 5.900000 4.000000 1.500000 0.000000
22.820 5.910000 4.000000 1.500000 0.000000
22.840 5.920000 4.000000 1.500000 0.000000
22.860 5.930000 4.000000 1.500000 0.000000
22.880 5.940000 4.000000 1.500000 0.000000
22.900 5.950000 4.000000 1.500000 0.000000
22.920 5.960000 4.000000 1.500000 0.000000
22.940 5.970000 4.000000 1.500000 0.000000
22.960 5.980000 4.000000 1.500000 0.000000
22.980 5.990000 4.000000 1.500000 0.000000
23.000 6.000000 4.000000 1.500000 0.000000
23.020 6.000000 4.000000 1.500000 -0.031416
23.040 6.000000 4.000000 1.500000 -0.062832
23.060 6.000000 4.000000 1.500000 -0.094248
23.080 6.000000 4.000000 1.500000 -0.125664
23.100 6.000000 4.000000 1.500000 -0.157080
23.120 6.000000 4.000000 1.500000 -0.188496
23.140 6.000000 4.000000 1.500000 -0.219911
23.160 6.000000 4.000000 1.500000 -0.251327
23.180 6.000000 4.000000 1.500000 -0.282743
23.200 6.000000 4.000000 1.500000 -0.314159
23.220 6.000000 4.000000 1.500000 -0.345575
23.240 6.000000 4.000000 1.500000 -0.376991
23.260 6.000000 4.000000 1.500000 -0.408407
23.280 6.000000 4.000000 1.500000 -0.439823
23.300 6.000000 4.000000 1.500000 -0.471239
23.320 6.000000 4.000000 1.500000 -0.502655
23.340 6.000000 4.000000 1.500000 -0.534071
23.360 6.000000 4.000000 1.500000 -0.565487
23.380 6.000000 4.000000 1.500000 -0.596903
23.400 6.000000 4.000000 1.500000 -0.628319
23.420 6.000000 4.000000 1.500000 -0.659734
23.440 6.000000 4.000000 1.500000 -0.691150
23.460 6.000000 4.000000 1.500000 -0.722566
23.480 6.000000 4.000000 1.500000 -0.753982
23.500 6.000000 4.000000 1.500000 -0.785398
23.520 6.000000 4.000000 1.500000 -0.816814
23.540 6.000000 4.000000 1.500000 -0.848230
23.560 6.000000 4.000000 1.500000 -0.879646
23.580 6.000000 4.000000 1.500000 -0.911062
23.600 6.000000 4.000000 1.500000 -0.942478
23.620 6.000000 4.000000 1.500000 -0.973894
23.640 6.000000 4.000000 1.500000 -1.005310
23.660 6.000000 4.000000 1.500000 -1.036726
23.680 6.000000 4.000000 1.500000 -1.068142
23.700 6.000000 4.000000 1.500000 -1.099557
23.720 6.000000 4.000000 1.500000 -1.130973
23.740 6.000000 4.000000 1.500000 -1.162389
23.760 6.000000 4.000000 1.500000 -1.193805
23.780 6.000000 4.000000 1.500000 -1.225221
23.800 6.000000 4.000000 1.500000 -1.256637
23.820 6.000000 4.000000 1.500000 -1.288053
23.840 6.000000 4.000000 1.500000 -1.319469
23.860 6.000000 4.000000 1.500000 -1.350885
23.880 6.000000 4.000000 1.500000 -1.382301
23.900 6.000000 4.000000 1.500000 -1.413717
23.920 6.000000 4.000000 1.500000 -1.445133
23.940 6.000000 4.000000 1.500000 -1.476549
23.960 6.000000 4.000000 1.500000 -1.507964
23.980 6.000000 4.000000 1.500000 -1.539380
24.000 6.000000 4.000000 1.500000 -1.570796
24.020 6.000000 3.990000 1.500000 -1.570796
24.040 6.000000 3.980000 1.500000 -1.570796
24.060 6.000000 3.970000 1.500000 -1.570796
24.080 6.000000 3.960000 1.500000 -1.570796
24.100 6.000000 3.950000 1.500000 -1.570796
24.120 6.000000 3.940000 1.500000 -1.570796
24.140 6.000000 3.930000 1.500000 -1.570796
24.160 6.000000 3.920000 1.500000 -1.570796
24.180 6.000000 3.910000 1.500000 -1.570796
24.200 6.000000 3.900000 1.500000 -1.570796
24.220 6.000000 3.890000 1.500000 -1.570796
24.240 6.000000 3.880000 1.500000 -1.570796
24.260 6.000000 3.870000 1.500000 -1.570796
24.280 6.000000 3.860000 1.500000 -1.570796
24.300 6.000000 3.850000 1.500000 -1.570796
24.320 6.000000 3.840000 1.500000 -1.570796
24.340 6.000000 3.830000 1.500000 -1.570796
24.360 6.000000 3.820000 1.500000 -1.570796
24.380 6.000000 3.810000 1.500000 -1.570796
24.400 6.000000 3.800000 1.500000 -1.570796
24.420 6.000000 3.790000 1.500000 -1.570796
24.440 6.000000 3.780000 1.500000 -1.570796
24.460 6.000000 3.770000 1.500000 -1.570796
24.480 6.000000 3.760000 1.500000 -1.570796
24.500 6.000000 3.750000 1.500000 -1.570796
24.520 6.000000 3.740000 1.500000 -1.570796
24.540 6.000000 3.730000 1.500000 -1.570796
24.560 6.000000 3.720000 1.500000 -1.570796
24.580 6.000000 3.710000 1.500000 -1.570796
24.600 6.000000 3.700000 1.500000 -1.570796
24.620 6.000000 3.690000 1.500000 -1.570796
24.640 6.000000 3.680000 1.500000 -1.570796
24.660 6.000000 3.670000 1.500000 -1.570796
24.680 6.000000 3.660000 1.500000 -1.570796
24.700 6.000000 3.650000 1.500000 -1.570796
24.720 6.000000 3.640000 1.500000 -1.570796
24.740 6.000000 3.630000 1.500000 -1.570796
24.760 6.000000 3.620000 1.500000 -1.570796
24.780 6.000000 3.610000 1.500000 -1.570796
24.800 6.000000 3.600000 1.500000 -1.570796
24.820 6.000000 3.590000 1.500000 -1.570796
24.840 6.000000 3.580000 1.500000 -1.570796
24.860 6.000000 3.570000 1.500000 -1.570796
24.880 6.000000 3.560000 1.500000 -1.570796
24.900 6.000000 3.550000 1.500000 -1.570796
24.920 6.000000 3.540000 1.500000 -1.570796
24.940 6.000000 3.530000 1.500000 -1.570796
24.960 6.000000 3.520000 1.500000 -1.570796
24.980 6.000000 3.510000 1.500000 -1.570796
25.000 6.000000 3.500000 1.500000 -1.570796
25.020 6.000000 3.490000 1.500000 -1.570796
25.040 6.000000 3.480000 1.500000 -1.570796
25.060 6.000000 3.470000 1.500000 -1.570796
25.080 6.000000 3.460000 1.500000 -1.570796
25.100 6.000000 3.450000 1.500000 -1.570796
25.120 6.000000 3.440000 1.500000 -1.570796
25.140 6.000000 3.430000 1.500000 -1.570796
25.160 6.000000 3.420000 1.500000 -1.570796
25.180 6.000000 3.410000 1.500000 -1.570796
25.200 6.000000 3.400000 1.500000 -1.570796
25.220 6.000000 3.390000 1.500000 -1.570796
25.240 6.000000 3.380000 1.500000 -1.570796
25.260 6.000000 3.370000 1.500000 -1.570796
25.280 6.000000 3.360000 1.500000 -1.570796
25.300 6.000000 3.350000 1.500000 -1.570796
25.320 6.000000 3.340000 1.500000 -1.570796
25.340 6.000000 3.330000 1.500000 -1.570796
25.360 6.000000 3.320000 1.500000 -1.570796
25.380 6.000000 3.310000 1.500000 -1.570796
25.400 6.000000 3.300000 1.500000 -1.570796
25.420 6.000000 3.290000 1.500000 -1.570796
25.440 6.000000 3.280000 1.500000 -1.570796
25.460 6.000000 3.270000 1.500000 -1.570796
25.480 6.000000 3.260000 1.500000 -1.570796
25.500 6.000000 3.250000 1.500000 -1.570796
25.520 6.000000 3.240000 1.500000 -1.570796
25.540 6.000000 3.230000 1.500000 -1.570796
25.560 6.000000 3.220000 1.500000 -1.570796
25.580 6.000000 3.210000 1.500000 -1.570796
25.600 6.000000 3.200000 1.500000 -1.570796
25.620 6.000000 3.190000 1.500000 -1.570796
25.640 6.000000 3.180000 1.500000 -1.570796
25.660 6.000000 3.170000 1.500000 -1.570796
25.680 6.000000 3.160000 1.500000 -1.570796
25.700 6.000000 3.150000 1.500000 -1.570796
25.720 6.000000 3.140000 1.500000 -1.570796
25.740 6.000000 3.130000 1.500000 -1.570796
25.760 6.000000 3.120000 1.500000 -1.570796
25.780 6.000000 3.110000 1.500000 -1.570796
25.800 6.000000 3.100000 1.500000 -1.570796
25.820 6.000000 3.090000 1.500000 -1.570796
25.840 6.000000 3.080000 1.500000 -1.570796
25.860 6.000000 3.070000 1.500000 -1.570796
25.880 6.000000 3.060000 1.500000 -1.570796
25.900 6.000000 3.050000 1.500000 -1.570796
25.920 6.000000 3.040000 1.500000 -1.570796
25.940 6.000000 3.030000 1.500000 -1.570796
25.960 6.000000 3.020000 1.500000 -1.570796
25.980 6.000000 3.010000 1.500000 -1.570796
26.000 6.000000 3.000000 1.500000 -1.570796
26.020 6.000000 2.990000 1.500000 -1.570796
26.040 6.000000 2.980000 1.500000 -1.570796
26.060 6.000000 2.970000 1.500000 -1.570796
26.080 6.000000 2.960000 1.500000 -1.570796
26.100 6.000000 2.950000 1.500000 -1.570796
26.120 6.000000 2.940000 1.500000 -1.570796
26.140 6.000000 2.930000 1.500000 -1.570796
26.160 6.000000 2.920000 1.500000 -1.570796
26.180 6.000000 2.910000 1.500000 -1.570796
26.200 6.000000 2.900000 1.500000 -1.570796
26.220 6.000000 2.890000 1.500000 -1.570796
26.240 6.000000 2.880000 1.500000 -1.570796
26.260 6.000000 2.870000 1.500000 -1.570796
26.280 6.000000 2.860000 1.500000 -1.570796
26.300 6.000000 2.850000 1.500000 -1.570796
26.320 6.000000 2.840000 1.500000 -1.570796
26.340 6.000000 2.830000 1.500000 -1.570796
26.360 6.000000 2.820000 1.500000 -1.570796
26.380 6.000000 2.810000 1.500000 -1.570796
26.400 6.000000 2.800000 1.500000 -1.570796
26.420 6.000000 2.790000 1.500000 -1.570796
26.440 6.000000 2.780000 1.500000 -1.570796
26.460 6.000000 2.770000 1.500000 -1.570796
26.480 6.000000 2.760000 1.500000 -1.570796
26.500 6.000000 2.750000 1.500000 -1.570796
26.520 6.000000 2.740000 1.500000 -1.570796
26.540 6.000000 2.730000 1.500000 -1.570796
26.560 6.000000 2.720000 1.500000 -1.570796
26.580 6.000000 2.710000 1.500000 -1.570796
26.600 6.000000 2.700000 1.500000 -1.570796
26.620 6.000000 2.690000 1.500000 -1.570796
26.640 6.000000 2.680000 1.500000 -1.570796
26.660 6.000000 2.670000 1.500000 -1.570796
26.680 6.000000 2.660000 1.500000 -1.570796
26.700 6.000000 2.650000 1.500000 -1.570796
26.720 6.000000 2.640000 1.500000 -1.570796
26.740 6.000000 2.630000 1.500000 -1.570796
26.760 6.000000 2.620000 1.500000 -1.570796
26.780 6.000000 2.610000 1.500000 -1.570796
26.800 6.000000 2.600000 1.500000 -1.570796
26.820 6.000000 2.590000 1.500000 -1.570796
26.840 6.000000 2.580000 1.500000 -1.570796
26.860 6.000000 2.570000 1.500000 -1.570796
26.880 6.000000 2.560000 1.500000 -1.570796
26.900 6.000000 2.550000 1.500000 -1.570796
26.920 6.000000 2.540000 1.500000 -1.570796
26.940 6.000000 2.530000 1.500000 -1.570796
26.960 6.000000 2.520000 1.500000 -1.570796
26.980 6.000000 2.510000 1.500000 -1.570796
27.000 6.000000 2.500000 1.500000 -1.570796
27.020 6.000000 2.490000 1.500000 -1.570796
27.040 6.000000 2.480000 1.500000 -1.570796
27.060 6.000000 2.470000 1.500000 -1.570796
27.080 6.000000 2.460000 1.500000 -1.570796
27.100 6.000000 2.450000 1.500000 -1.570796
27.120 6.000000 2.440000 1.500000 -1.570796
27.140 6.000000 2.430000 1.500000 -1.570796
27.160 6.000000 2.420000 1.500000 -1.570796
27.180 6.000000 2.410000 1.500000 -1.570796
27.200 6.000000 2.400000 1.500000 -1.570796
27.220 6.000000 2.390000 1.500000 -1.570796
27.240 6.000000 2.380000 1.500000 -1.570796
27.260 6.000000 2.370000 1.500000 -1.570796
27.280 6.000000 2.360000 1.500000 -1.570796
27.300 6.000000 2.350000 1.500000 -1.570796
27.320 6.000000 2.340000 1.500000 -1.570796
27.340 6.000000 2.330000 1.500000 -1.570796
27.360 6.000000 2.320000 1.500000 -1.570796
27.380 6.000000 2.310000 1.500000 -1.570796
27.400 6.000000 2.300000 1.500000 -1.570796
27.420 6.000000 2.290000 1.500000 -1.570796
27.440 6.000000 2.280000 1.500000 -1.570796
27.460 6.000000 2.270000 1.500000 -1.570796
27.480 6.000000 2.260000 1.500000 -1.570796
27.500 6.000000 2.250000 1.500000 -1.570796
27.520 6.000000 2.240000 1.500000 -1.570796
27.540 6.000000 2.230000 1.500000 -1.570796
27.560 6.000000 2.220000 1.500000 -1.570796
27.580 6.000000 2.210000 1.500000 -1.570796
27.600 6.000000 2.200000 1.500000 -1.570796
27.620 6.000000 2.190000 1.500000 -1.570796
27.640 6.000000 2.180000 1.500000 -1.570796
27.660 6.000000 2.170000 1.500000 -1.570796
27.680 6.000000 2.160000 1.500000 -1.570796
27.700 6.000000 2.150000 1.500000 -1.570796
27.720 6.000000 2.140000 1.500000 -1.570796
27.740 6.000000 2.130000 1.500000 -1.570796
27.760 6.000000 2.120000 1.500000 -1.570796
27.780 6.000000 2.110000 1.500000 -1.570796
27.800 6.000000 2.100000 1.500000 -1.570796
27.820 6.000000 2.090000 1.500000 -1.570796
27.840 6.000000 2.080000 1.500000 -1.570796
27.860 6.000000 2.070000 1.500000 -1.570796
27.880 6.000000 2.060000 1.500000 -1.570796
27.900 6.000000 2.050000 1.500000 -1.570796
27.920 6.000000 2.040000 1.500000 -1.570796
27.940 6.000000 2.030000 1.500000 -1.570796
27.960 6.000000 2.020000 1.500000 -1.570796
27.980 6.000000 2.010000 1.500000 -1.570796
28.000 6.000000 2.000000 1.500000 -1.570796
28.020 6.000000 1.990000 1.500000 -1.570796
28.040 6.000000 1.980000 1.500000 -1.570796
28.060 6.000000 1.970000 1.500000 -1.570796
28.080 6.000000 1.960000 1.500000 -1.570796
28.100 6.000000 1.950000 1.500000 -1.570796
28.120 6.000000 1.940000 1.500000 -1.570796
28.140 6.000000 1.930000 1.500000 -1.570796
28.160 6.000000 1.920000 1.500000 -1.570796
28.180 6.000000 1.910000 1.500000 -1.570796
28.200 6.000000 1.900000 1.500000 -1.570796
28.220 6.000000 1.890000 1.500000 -1.570796
28.240 6.000000 1.880000 1.500000 -1.570796
28.260 6.000000 1.870000 1.500000 -1.570796
28.280 6.000000 1.860000 1.500000 -1.570796
28.300 6.000000 1.850000 1.500000 -1.570796
28.320 6.000000 1.840000 1.500000 -1.570796
28.340 6.000000 1.830000 1.500000 -1.570796
28.360 6.000000 1.820000 1.500000 -1.570796
28.380 6.000000 1.810000 1.500000 -1.570796
28.400 6.000000 1.800000 1.500000 -1.570796
28.420 6.000000 1.790000 1.500000 -1.570796
28.440 6.000000 1.780000 1.500000 -1.570796
28.460 6.000000 1.770000 1.500000 -1.570796
28.480 6.000000 1.760000 1.500000 -1.570796
28.500 6.000000 1.750000 1.500000 -1.570796
28.520 6.000000 1.740000 1.500000 -1.570796
28.540 6.000000 1.730000 1.500000 -1.570796
28.560 6.000000 1.720000 1.500000 -1.570796
28.580 6.000000 1.710000 1.500000 -1.570796
28.600 6.000000 1.700000 1.500000 -1.570796
28.620 6.000000 1.690000 1.500000 -1.570796
28.640 6.000000 1.680000 1.500000 -1.570796
28.660 6.000000 1.670000 1.500000 -1.570796
28.680 6.000000 1.660000 1.500000 -1.570796
28.700 6.000000 1.650000 1.500000 -1.570796
28.720 6.000000 1.640000 1.500000 -1.570796
28.740 6.000000 1.630000 1.500000 -1.570796
28.760 6.000000 1.620000 1.500000 -1.570796
28.780 6.000000 1.610000 1.500000 -1.570796
28.800 6.000000 1.600000 1.500000 -1.570796
28.820 6.000000 1.590000 1.500000 -1.570796
28.840 6.000000 1.580000 1.500000 -1.570796
28.860 6.000000 1.570000 1.500000 -1.570796
28.880 6.000000 1.560000 1.500000 -1.570796
28.900 6.000000 1.550000 1.500000 -1.570796
28.920 6.000000 1.540000 1.500000 -1.570796
28.940 6.000000 1.530000 1.500000 -1.570796
28.960 6.000000 1.520000 1.500000 -1.570796
28.980 6.000000 1.510000 1.500000 -1.570796
29.000 6.000000 1.500000 1.500000 -1.570796
29.020 6.000000 1.490000 1.500000 -1.570796
29.040 6.000000 1.480000 1.500000 -1.570796
29.060 6.000000 1.470000 1.500000 -1.570796
29.080 6.000000 1.460000 1.500000 -1.570796
29.100 6.000000 1.450000 1.500000 -1.570796
29.120 6.000000 1.440000 1.500000 -1.570796
29.140 6.000000 1.430000 1.500000 -1.570796
29.160 6.000000 1.420000 1.500000 -1.570796
29.180 6.000000 1.410000 1.500000 -1.570796
29.200 6.000000 1.400000 1.500000 -1.570796
29.220 6.000000 1.390000 1.500000 -1.570796
29.240 6.000000 1.380000 1.500000 -1.570796
29.260 6.000000 1.370000 1.500000 -1.570796
29.280 6.000000 1.360000 1.500000 -1.570796
29.300 6.000000 1.350000 1.500000 -1.570796
29.320 6.000000 1.340000 1.500000 -1.570796
29.340 6.000000 1.330000 1.500000 -1.570796
29.360 6.000000 1.320000 1.500000 -1.570796
29.380 6.000000 1.310000 1.500000 -1.570796
29.400 6.000000 1.300000 1.500000 -1.570796
29.420 6.000000 1.290000 1.500000 -1.570796
29.440 6.000000 1.280000 1.500000 -1.570796
29.460 6.000000 1.270000 1.500000 -1.570796
29.480 6.000000 1.260000 1.500000 -1.570796
29.500 6.000000 1.250000 1.500000 -1.570796
29.520 6.000000 1.240000 1.500000 -1.570796
29.540 6.000000 1.230000 1.500000 -1.570796
29.560 6.000000 1.220000 1.500000 -1.570796
29.580 6.000000 1.210000 1.500000 -1.570796
29.600 6.000000 1.200000 1.500000 -1.570796
29.620 6.000000 1.190000 1.500000 -1.570796
29.640 6.000000 1.180000 1.500000 -1.570796
29.660 6.000000 1.170000 1.500000 -1.570796
29.680 6.000000 1.160000 1.500000 -1.570796
29.700 6.000000 1.150000 1.500000 -1.570796
29.720 6.000000 1.140000 1.500000 -1.570796
29.740 6.000000 1.130000 1.500000 -1.570796
29.760 6.000000 1.120000 1.500000 -1.570796
29.780 6.000000 1.110000 1.500000 -1.570796
29.800 6.000000 1.100000 1.500000 -1.570796
29.820 6.000000 1.090000 1.500000 -1.570796
29.840 6.000000 1.080000 1.500000 -1.570796
29.860 6.000000 1.070000 1.500000 -1.570796
29.880 6.000000 1.060000 1.500000 -1.570796
29.900 6.000000 1.050000 1.500000 -1.570796
29.920 6.000000 1.040000 1.500000 -1.570796
29.940 6.000000 1.030000 1.500000 -1.570796
29.960 6.000000 1.020000 1.500000 -1.570796
29.980 6.000000 1.010000 1.500000 -1.570796
30.000 6.000000 1.000000 1.500000 -1.570796
30.020 6.000000 0.990000 1.500000 -1.570796
30.040 6.000000 0.980000 1.500000 -1.570796
30.060 6.000000 0.970000 1.500000 -1.570796
30.080 6.000000 0.960000 1.500000 -1.570796
30.100 6.000000 0.950000 1.500000 -1.570796
30.120 6.000000 0.940000 1.500000 -1.570796
30.140 6.000000 0.930000 1.500000 -1.570796
30.160 6.000000 0.920000 1.500000 -1.570796
30.180 6.000000 0.910000 1.500000 -1.570796
30.200 6.000000 0.900000 1.500000 -1.570796
30.220 6.000000 0.890000 1.500000 -1.570796
30.240 6.000000 0.880000 1.500000 -1.570796
30.260 6.000000 0.870000 1.500000 -1.570796
30.280 6.000000 0.860000 1.500000 -1.570796
30.300 6.000000 0.850000 1.500000 -1.570796
30.320 6.000000 0.840000 1.500000 -1.570796
30.340 6.000000 0.830000 1.500000 -1.570796
30.360 6.000000 0.820000 1.500000 -1.570796
30.380 6.000000 0.810000 1.500000 -1.570796
30.400 6.000000 0.800000 1.500000 -1.570796
30.420 6.000000 0.790000 1.500000 -1.570796
30.440 6.000000 0.780000 1.500000 -1.570796
30.460 6.000000 0.770000 1.500000 -1.570796
30.480 6.000000 0.760000 1.500000 -1.570796
30.500 6.000000 0.750000 1.500000 -1.570796
30.520 6.000000 0.740000 1.500000 -1.570796
30.540 6.000000 0.730000 1.500000 -1.570796
30.560 6.000000 0.720000 1.500000 -1.570796
30.580 6.000000 0.710000 1.500000 -1.570796
30.600 6.000000 0.700000 1.500000 -1.570796
30.620 6.000000 0.690000 1.500000 -1.570796
30.640 6.000000 0.680000 1.500000 -1.570796
30.660 6.000000 0.670000 1.500000 -1.570796
30.680 6.000000 0.660000 1.500000 -1.570796
30.700 6.000000 0.650000 1.500000 -1.570796
30.720 6.000000 0.640000 1.500000 -1.570796
30.740 6.000000 0.630000 1.500000 -1.570796
30.760 6.000000 0.620000 1.500000 -1.570796
30.780 6.000000 0.610000 1.500000 -1.570796
30.800 6.000000 0.600000 1.500000 -1.570796
30.820 6.000000 0.590000 1.500000 -1.570796
30.840 6.000000 0.580000 1.500000 -1.570796
30.860 6.000000 0.570000 1.500000 -1.570796
30.880 6.000000 0.560000 1.500000 -1.570796
30.900 6.000000 0.550000 1.500000 -1.570796
30.920 6.000000 0.540000 1.500000 -1.570796
30.940 6.000000 0.530000 1.500000 -1.570796
30.960 6.000000 0.520000 1.500000 -1.570796
30.980 6.000000 0.510000 1.500000 -1.570796
31.000 6.000000 0.500000 1.500000 -1.570796
31.020 6.000000 0.490000 1.500000 -1.570796
31.040 6.000000 0.480000 1.500000 -1.570796
31.060 6.000000 0.470000 1.500000 -1.570796
31.080 6.000000 0.460000 1.500000 -1.570796
31.100 6.000000 0.450000 1.500000 -1.570796
31.120 6.000000 0.440000 1.500000 -1.570796
31.140 6.000000 0.430000 1.500000 -1.570796
31.160 6.000000 0.420000 1.500000 -1.570796
31.180 6.000000 0.410000 1.500000 -1.570796
31.200 6.000000 0.400000 1.500000 -1.570796
31.220 6.000000 0.390000 1.500000 -1.570796
31.240 6.000000 0.380000 1.500000 -1.570796
31.260 6.000000 0.370000 1.500000 -1.570796
31.280 6.000000 0.360000 1.500000 -1.570796
31.300 6.000000 0.350000 1.500000 -1.570796
31.320 6.000000 0.340000 1.500000 -1.570796
31.340 6.000000 0.330000 1.500000 -1.570796
31.360 6.000000 0.320000 1.500000 -1.570796
31.380 6.000000 0.310000 1.500000 -1.570796
31.400 6.000000 0.300000 1.500000 -1.570796
31.420 6.000000 0.290000 1.500000 -1.570796
31.440 6.000000 0.280000 1.500000 -1.570796
31.460 6.000000 0.270000 1.500000 -1.570796
31.480 6.000000 0.260000 1.500000 -1.570796
31.500 6.000000 0.250000 1.500000 -1.570796
31.520 6.000000 0.240000 1.500000 -1.570796
31.540 6.000000 0.230000 1.500000 -1.570796
31.560 6.000000 0.220000 1.500000 -1.570796
31.580 6.000000 0.210000 1.500000 -1.570796
31.600 6.000000 0.200000 1.500000 -1.570796
31.620 6.000000 0.190000 1.500000 -1.570796
31.640 6.000000 0.180000 1.500000 -1.570796
31.660 6.000000 0.170000 1.500000 -1.570796
31.680 6.000000 0.160000 1.500000 -1.570796
31.700 6.000000 0.150000 1.500000 -1.570796
31.720 6.000000 0.140000 1.500000 -1.570796
31.740 6.000000 0.130000 1.500000 -1.570796
31.760 6.000000 0.120000 1.500000 -1.570796
31.780 6.000000 0.110000 1.500000 -1.570796
31.800 6.000000 0.100000 1.500000 -1.570796
31.820 6.000000 0.090000 1.500000 -1.570796
31.840 6.000000 0.080000 1.500000 -1.570796
31.860 6.000000 0.070000 1.500000 -1.570796
31.880 6.000000 0.060000 1.500000 -1.570796
31.900 6.000000 0.050000 1.500000 -1.570796
31.920 6.000000 0.040000 1.500000 -1.570796
31.940 6.000000 0.030000 1.500000 -1.570796
31.960 6.000000 0.020000 1.500000 -1.570796
31.980 6.000000 0.010000 1.500000 -1.570796
32.000 6.000000 0.000000 1.500000 -1.570796
32.020 6.000000 0.000000 1.500000 -1.570796
32.040 6.000000 0.000000 1.500000 -1.570796
32.060 6.000000 0.000000 1.500000 -1.570796
32.080 6.000000 0.000000 1.500000 -1.570796
32.100 6.000000 0.000000 1.500000 -1.570796
32.120 6.000000 0.000000 1.500000 -1.570796
32.140 6.000000 0.000000 1.500000 -1.570796
32.160 6.000000 0.000000 1.500000 -1.570796
32.180 6.000000 0.000000 1.500000 -1.570796
32.200 6.000000 0.000000 1.500000 -1.570796
32.220 6.000000 0.000000 1.500000 -1.570796
32.240 6.000000 0.000000 1.500000 -1.570796
32.260 6.000000 0.000000 1.500000 -1.570796
32.280 6.000000 0.000000 1.500000 -1.570796
32.300 6.000000 0.000000 1.500000 -1.570796
32.320 6.000000 0.000000 1.500000 -1.570796
32.340 6.000000 0.000000 1.500000 -1.570796
32.360 6.000000 0.000000 1.500000 -1.570796
32.380 6.000000 0.000000 1.500000 -1.570796
32.400 6.000000 0.000000 1.500000 -1.570796
32.420 6.000000 0.000000 1.500000 -1.570796
32.440 6.000000 0.000000 1.500000 -1.570796
32.460 6.000000 0.000000 1.500000 -1.570796
32.480 6.000000 0.000000 1.500000 -1.570796
32.500 6.000000 0.000000 1.500000 -1.570796
32.520 6.000000 0.000000 1.500000 -1.570796
32.540 6.000000 0.000000 1.500000 -1.570796
32.560 6.000000 0.000000 1.500000 -1.570796
32.580 6.000000 0.000000 1.500000 -1.570796
32.600 6.000000 0.000000 1.500000 -1.570796
32.620 6.000000 0.000000 1.500000 -1.570796
32.640 6.000000 0.000000 1.500000 -1.570796
32.660 6.000000 0.000000 1.500000 -1.570796
32.680 6.000000 0.000000 1.500000 -1.570796
32.700 6.000000 0.000000 1.500000 -1.570796
32.720 6.000000 0.000000 1.500000 -1.570796
32.740 6.000000 0.000000 1.500000 -1.570796
32.760 6.000000 0.000000 1.500000 -1.570796
32.780 6.000000 0.000000 1.500000 -1.570796
32.800 6.000000 0.000000 1.500000 -1.570796
32.820 6.000000 0.000000 1.500000 -1.570796
32.840 6.000000 0.000000 1.500000 -1.570796
32.860 6.000000 0.000000 1.500000 -1.570796
32.880 6.000000 0.000000 1.500000 -1.570796
32.900 6.000000 0.000000 1.500000 -1.570796
32.920 6.000000 0.000000 1.500000 -1.570796
32.940 6.000000 0.000000 1.500000 -1.570796
32.960 6.000000 0.000000 1.500000 -1.570796
32.980 6.000000 0.000000 1.500000 -1.570796
33.000 6.000000 0.000000 1.500000 -1.570796
33.020 6.000000 0.000000 1.500000 -1.570796
33.040 6.000000 0.000000 1.500000 -1.570796
33.060 6.000000 0.000000 1.500000 -1.570796
33.080 6.000000 0.000000 1.500000 -1.570796
33.100 6.000000 0.000000 1.500000 -1.570796
33.120 6.000000 0.000000 1.500000 -1.570796
33.140 6.000000 0.000000 1.500000 -1.570796
33.160 6.000000 0.000000 1.500000 -1.570796
33.180 6.000000 0.000000 1.500000 -1.570796
33.200 6.000000 0.000000 1.500000 -1.570796
33.220 6.000000 0.000000 1.500000 -1.570796
33.240 6.000000 0.000000 1.500000 -1.570796
33.260 6.000000 0.000000 1.500000 -1.570796
33.280 6.000000 0.000000 1.500000 -1.570796
33.300 6.000000 0.000000 1.500000 -1.570796
33.320 6.000000 0.000000 1.500000 -1.570796
33.340 6.000000 0.000000 1.500000 -1.570796
33.360 6.000000 0.000000 1.500000 -1.570796
33.380 6.000000 0.000000 1.500000 -1.570796
33.400 6.000000 0.000000 1.500000 -1.570796
33.420 6.000000 0.000000 1.500000 -1.570796
33.440 6.000000 0.000000 1.500000 -1.570796
33.460 6.000000 0.000000 1.500000 -1.570796
33.480 6.000000 0.000000 1.500000 -1.570796
33.500 6.000000 0.000000 1.500000 -1.570796
33.520 6.000000 0.000000 1.500000 -1.570796
33.540 6.000000 0.000000 1.500000 -1.570796
33.560 6.000000 0.000000 1.500000 -1.570796
33.580 6.000000 0.000000 1.500000 -1.570796
33.600 6.000000 0.000000 1.500000 -1.570796
33.620 6.000000 0.000000 1.500000 -1.570796
33.640 6.000000 0.000000 1.500000 -1.570796
33.660 6.000000 0.000000 1.500000 -1.570796
33.680 6.000000 0.000000 1.500000 -1.570796
33.700 6.000000 0.000000 1.500000 -1.570796
33.720 6.000000 0.000000 1.500000 -1.570796
33.740 6.000000 0.000000 1.500000 -1.570796
33.760 6.000000 0.000000 1.500000 -1.570796
33.780 6.000000 0.000000 1.500000 -1.570796
33.800 6.000000 0.000000 1.500000 -1.570796
33.820 6.000000 0.000000 1.500000 -1.570796
33.840 6.000000 0.000000 1.500000 -1.570796
33.860 6.000000 0.000000 1.500000 -1.570796
33.880 6.000000 0.000000 1.500000 -1.570796
33.900 6.000000 0.000000 1.500000 -1.570796
33.920 6.000000 0.000000 1.500000 -1.570796
33.940 6.000000 0.000000 1.500000 -1.570796
33.960 6.000000 0.000000 1.500000 -1.570796
33.980 6.000000 0.000000 1.500000 -1.570796
34.000 6.000000 0.000000 1.500000 -1.570796
34.020 6.000000 0.000000 1.500000 -1.570796
34.040 6.000000 0.000000 1.484848 -1.570796
34.060 6.000000 0.000000 1.469697 -1.570796
34.080 6.000000 0.000000 1.454545 -1.570796
34.100 6.000000 0.000000 1.439394 -1.570796
34.120 6.000000 0.000000 1.424242 -1.570796
34.140 6.000000 0.000000 1.409091 -1.570796
34.160 6.000000 0.000000 1.393939 -1.570796
34.180 6.000000 0.000000 1.378788 -1.570796
34.200 6.000000 0.000000 1.363636 -1.570796
34.220 6.000000 0.000000 1.348485 -1.570796
34.240 6.000000 0.000000 1.333333 -1.570796
34.260 6.000000 0.000000 1.318182 -1.570796
34.280 6.000000 0.000000 1.303030 -1.570796
34.300 6.000000 0.000000 1.287879 -1.570796
34.320 6.000000 0.000000 1.272727 -1.570796
34.340 6.000000 0.000000 1.257576 -1.570796
34.360 6.000000 0.000000 1.242424 -1.570796
34.380 6.000000 0.000000 1.227273 -1.570796
34.400 6.000000 0.000000 1.212121 -1.570796
34.420 6.000000 0.000000 1.196970 -1.570796
34.440 6.000000 0.000000 1.181818 -1.570796
34.460 6.000000 0.000000 1.166667 -1.570796
34.480 6.000000 0.000000 1.151515 -1.570796
34.500 6.000000 0.000000 1.136364 -1.570796
34.520 6.000000 0.000000 1.121212 -1.570796
34.540 6.000000 0.000000 1.106061 -1.570796
34.560 6.000000 0.000000 1.090909 -1.570796
34.580 6.000000 0.000000 1.075758 -1.570796
34.600 6.000000 0.000000 1.060606 -1.570796
34.620 6.000000 0.000000 1.045455 -1.570796
34.640 6.000000 0.000000 1.030303 -1.570796
34.660 6.000000 0.000000 1.015152 -1.570796
34.680 6.000000 0.000000 1.000000 -1.570796
34.700 6.000000 0.000000 0.984848 -1.570796
34.720 6.000000 0.000000 0.969697 -1.570796
34.740 6.000000 0.000000 0.954545 -1.570796
34.760 6.000000 0.000000 0.939394 -1.570796
34.780 6.000000 0.000000 0.924242 -1.570796
34.800 6.000000 0.000000 0.909091 -1.570796
34.820 6.000000 0.000000 0.893939 -1.570796
34.840 6.000000 0.000000 0.878788 -1.570796
34.860 6.000000 0.000000 0.863636 -1.570796
34.880 6.000000 0.000000 0.848485 -1.570796
34.900 6.000000 0.000000 0.833333 -1.570796
34.920 6.000000 0.000000 0.818182 -1.570796
34.940 6.000000 0.000000 0.803030 -1.570796
34.960 6.000000 0.000000 0.787879 -1.570796
34.980 6.000000 0.000000 0.772727 -1.570796
35.000 6.000000 0.000000 0.757576 -1.570796
35.020 6.000000 0.000000 0.742424 -1.570796
35.040 6.000000 0.000000 0.727273 -1.570796
35.060 6.000000 0.000000 0.712121 -1.570796
35.080 6.000000 0.000000 0.696970 -1.570796
35.100 6.000000 0.000000 0.681818 -1.570796
35.120 6.000000 0.000000 0.666667 -1.570796
35.140 6.000000 0.000000 0.651515 -1.570796
35.160 6.000000 0.000000 0.636364 -1.570796
35.180 6.000000 0.000000 0.621212 -1.570796
35.200 6.000000 0.000000 0.606061 -1.570796
35.220 6.000000 0.000000 0.590909 -1.570796
35.240 6.000000 0.000000 0.575758 -1.570796
35.260 6.000000 0.000000 0.560606 -1.570796
35.280 6.000000 0.000000 0.545455 -1.570796
35.300 6.000000 0.000000 0.530303 -1.570796
35.320 6.000000 0.000000 0.515152 -1.570796
35.340 6.000000 0.000000 0.500000 -1.570796
35.360 6.000000 0.000000 0.484848 -1.570796
35.380 6.000000 0.000000 0.469697 -1.570796
35.400 6.000000 0.000000 0.454545 -1.570796
35.420 6.000000 0.000000 0.439394 -1.570796
35.440 6.000000 0.000000 0.424242 -1.570796
35.460 6.000000 0.000000 0.409091 -1.570796
35.480 6.000000 0.000000 0.393939 -1.570796
35.500 6.000000 0.000000 0.378788 -1.570796
35.520 6.000000 0.000000 0.363636 -1.570796
35.540 6.000000 0.000000 0.348485 -1.570796
35.560 6.000000 0.000000 0.333333 -1.570796
35.580 6.000000 0.000000 0.318182 -1.570796
35.600 6.000000 0.000000 0.303030 -1.570796
35.620 6.000000 0.000000 0.287879 -1.570796
35.640 6.000000 0.000000 0.272727 -1.570796
35.660 6.000000 0.000000 0.257576 -1.570796
35.680 6.000000 0.000000 0.242424 -1.570796
35.700 6.000000 0.000000 0.227273 -1.570796
35.720 6.000000 0.000000 0.212121 -1.570796
35.740 6.000000 0.000000 0.196970 -1.570796
35.760 6.000000 0.000000 0.181818 -1.570796
35.780 6.000000 0.000000 0.166667 -1.570796
35.800 6.000000 0.000000 0.151515 -1.570796
35.820 6.000000 0.000000 0.136364 -1.570796
35.840 6.000000 0.000000 0.121212 -1.570796
35.860 6.000000 0.000000 0.106061 -1.570796
35.880 6.000000 0.000000 0.090909 -1.570796
35.900 6.000000 0.000000 0.075758 -1.570796
35.920 6.000000 0.000000 0.060606 -1.570796
35.940 6.000000 0.000000 0.045455 -1.570796
35.960 6.000000 0.000000 0.030303 -1.570796
35.980 6.000000 0.000000 0.015152 -1.570796
36.000 6.000000 0.000000 0.000000 -1.570796
