# t x y z theta
0.000 0.000000 0.000000 0.000000 0.000000
0.020 0.000000 0.000000 0.015000 0.000000
0.040 0.000000 0.000000 0.030000 0.000000
0.060 0.000000 0.000000 0.045000 0.000000
0.080 0.000000 0.000000 0.060000 0.000000
0.100 0.000000 0.000000 0.075000 0.000000
0.120 0.000000 0.000000 0.090000 0.000000
0.140 0.000000 0.000000 0.105000 0.000000
0.160 0.000000 0.000000 0.120000 0.000000
0.180 0.000000 0.000000 0.135000 0.000000
0.200 0.000000 0.000000 0.150000 0.000000
0.220 0.000000 0.000000 0.165000 0.000000
0.240 0.000000 0.000000 0.180000 0.000000
0.260 0.000000 0.000000 0.195000 0.000000
0.280 0.000000 0.000000 0.210000 0.000000
0.300 0.000000 0.000000 0.225000 0.000000
0.320 0.000000 0.000000 0.240000 0.000000
0.340 0.000000 0.000000 0.255000 0.000000
0.360 0.000000 0.000000 0.270000 0.000000
0.380 0.000000 0.000000 0.285000 0.000000
0.400 0.000000 0.000000 0.300000 0.000000
0.420 0.000000 0.000000 0.315000 0.000000
0.440 0.000000 0.000000 0.330000 0.000000
0.460 0.000000 0.000000 0.345000 0.000000
0.480 0.000000 0.000000 0.360000 0.000000
0.500 0.000000 0.000000 0.375000 0.000000
0.520 0.000000 0.000000 0.390000 0.000000
0.540 0.000000 0.000000 0.405000 0.000000
0.560 0.000000 0.000000 0.420000 0.000000
0.580 0.000000 0.000000 0.435000 0.000000
0.600 0.000000 0.000000 0.450000 0.000000
0.620 0.000000 0.000000 0.465000 0.000000
0.640 0.000000 0.000000 0.480000 0.000000
0.660 0.000000 0.000000 0.495000 0.000000
0.680 0.000000 0.000000 0.510000 0.000000
0.700 0.000000 0.000000 0.525000 0.000000
0.720 0.000000 0.000000 0.540000 0.000000
0.740 0.000000 0.000000 0.555000 0.000000
0.760 0.000000 0.000000 0.570000 0.000000
0.780 0.000000 0.000000 0.585000 0.000000
0.800 0.000000 0.000000 0.600000 0.000000
0.820 0.000000 0.000000 0.615000 0.000000
0.840 0.000000 0.000000 0.630000 0.000000
0.860 0.000000 0.000000 0.645000 0.000000
0.880 0.000000 0.000000 0.660000 0.000000
0.900 0.000000 0.000000 0.675000 0.000000
0.920 0.000000 0.000000 0.690000 0.000000
0.940 0.000000 0.000000 0.705000 0.000000
0.960 0.000000 0.000000 0.720000 0.000000
0.980 0.000000 0.000000 0.735000 0.000000
1.000 0.000000 0.000000 0.750000 0.000000
1.020 0.000000 0.000000 0.765000 0.000000
1.040 0.000000 0.000000 0.780000 0.000000
1.060 0.000000 0.000000 0.795000 0.000000
1.080 0.000000 0.000000 0.810000 0.000000
1.100 0.000000 0.000000 0.825000 0.000000
1.120 0.000000 0.000000 0.840000 0.000000
1.140 0.000000 0.000000 0.855000 0.000000
1.160 0.000000 0.000000 0.870000 0.000000
1.180 0.000000 0.000000 0.885000 0.000000
1.200 0.000000 0.000000 0.900000 0.000000
1.220 0.000000 0.000000 0.915000 0.000000
1.240 0.000000 0.000000 0.930000 0.000000
1.260 0.000000 0.000000 0.945000 0.000000
1.280 0.000000 0.000000 0.960000 0.000000
1.300 0.000000 0.000000 0.975000 0.000000
1.320 0.000000 0.000000 0.990000 0.000000
1.340 0.000000 0.000000 1.005000 0.000000
1.360 0.000000 0.000000 1.020000 0.000000
1.380 0.000000 0.000000 1.035000 0.000000
1.400 0.000000 0.000000 1.050000 0.000000
1.420 0.000000 0.000000 1.065000 0.000000
1.440 0.000000 0.000000 1.080000 0.000000
1.460 0.000000 0.000000 1.095000 0.000000
1.480 0.000000 0.000000 1.110000 0.000000
1.500 0.000000 0.000000 1.125000 0.000000
1.520 0.000000 0.000000 1.140000 0.000000
1.540 0.000000 0.000000 1.155000 0.000000
1.560 0.000000 0.000000 1.170000 0.000000
1.580 0.000000 0.000000 1.185000 0.000000
1.600 0.000000 0.000000 1.200000 0.000000
1.620 0.000000 0.000000 1.215000 0.000000
1.640 0.000000 0.000000 1.230000 0.000000
1.660 0.000000 0.000000 1.245000 0.000000
1.680 0.000000 0.000000 1.260000 0.000000
1.700 0.000000 0.000000 1.275000 0.000000
1.720 0.000000 0.000000 1.290000 0.000000
1.740 0.000000 0.000000 1.305000 0.000000
1.760 0.000000 0.000000 1.320000 0.000000
1.780 0.000000 0.000000 1.335000 0.000000
1.800 0.000000 0.000000 1.350000 0.000000
1.820 0.000000 0.000000 1.365000 0.000000
1.840 0.000000 0.000000 1.380000 0.000000
1.860 0.000000 0.000000 1.395000 0.000000
1.880 0.000000 0.000000 1.410000 0.000000
1.900 0.000000 0.000000 1.425000 0.000000
1.920 0.000000 0.000000 1.440000 0.000000
1.940 0.000000 0.000000 1.455000 0.000000
1.960 0.000000 0.000000 1.470000 0.000000
1.980 0.000000 0.000000 1.485000 0.000000
2.000 0.000000 0.000000 1.500000 0.000000
2.020 0.000000 0.030000 1.500000 1.570796
2.040 0.000000 0.060000 1.500000 1.570796
2.060 0.000000 0.090000 1.500000 1.570796
2.080 0.000000 0.120000 1.500000 1.570796
2.100 0.000000 0.150000 1.500000 1.570796
2.120 0.000000 0.180000 1.500000 1.570796
2.140 0.000000 0.210000 1.500000 1.570796
2.160 0.000000 0.240000 1.500000 1.570796
2.180 0.000000 0.270000 1.500000 1.570796
2.200 0.000000 0.300000 1.500000 1.570796
2.220 0.000000 0.330000 1.500000 1.570796
2.240 0.000000 0.360000 1.500000 1.570796
2.260 0.000000 0.390000 1.500000 1.570796
2.280 0.000000 0.420000 1.500000 1.570796
2.300 0.000000 0.450000 1.500000 1.570796
2.320 0.000000 0.480000 1.500000 1.570796
2.340 0.000000 0.510000 1.500000 1.570796
2.360 0.000000 0.540000 1.500000 1.570796
2.380 0.000000 0.570000 1.500000 1.570796
2.400 0.000000 0.600000 1.500000 1.570796
2.420 0.000000 0.630000 1.500000 1.570796
2.440 0.000000 0.660000 1.500000 1.570796
2.460 0.000000 0.690000 1.500000 1.570796
2.480 0.000000 0.720000 1.500000 1.570796
2.500 0.000000 0.750000 1.500000 1.570796
2.520 0.000000 0.780000 1.500000 1.570796
2.540 0.000000 0.810000 1.500000 1.570796
2.560 0.000000 0.840000 1.500000 1.570796
2.580 0.000000 0.870000 1.500000 1.570796
2.600 0.000000 0.900000 1.500000 1.570796
2.620 0.000000 0.930000 1.500000 1.570796
2.640 0.000000 0.960000 1.500000 1.570796
2.660 0.000000 0.990000 1.500000 1.570796
2.680 0.000000 1.020000 1.500000 1.570796
2.700 0.000000 1.050000 1.500000 1.570796
2.720 0.000000 1.080000 1.500000 1.570796
2.740 0.000000 1.110000 1.500000 1.570796
2.760 0.000000 1.140000 1.500000 1.570796
2.780 0.000000 1.170000 1.500000 1.570796
2.800 0.000000 1.200000 1.500000 1.570796
2.820 0.000000 1.230000 1.500000 1.570796
2.840 0.000000 1.260000 1.500000 1.570796
2.860 0.000000 1.290000 1.500000 1.570796
2.880 0.000000 1.320000 1.500000 1.570796
2.900 0.000000 1.350000 1.500000 1.570796
2.920 0.000000 1.380000 1.500000 1.570796
2.940 0.000000 1.410000 1.500000 1.570796
2.960 0.000000 1.440000 1.500000 1.570796
2.980 0.000000 1.470000 1.500000 1.570796
3.000 0.000000 1.500000 1.500000 1.570796
3.020 0.000000 1.530000 1.500000 1.570796
3.040 0.000000 1.560000 1.500000 1.570796
3.060 0.000000 1.590000 1.500000 1.570796
3.080 0.000000 1.620000 1.500000 1.570796
3.100 0.000000 1.650000 1.500000 1.570796
3.120 0.000000 1.680000 1.500000 1.570796
3.140 0.000000 1.710000 1.500000 1.570796
3.160 0.000000 1.740000 1.500000 1.570796
3.180 0.000000 1.770000 1.500000 1.570796
3.200 0.000000 1.800000 1.500000 1.570796
3.220 0.000000 1.830000 1.500000 1.570796
3.240 0.000000 1.860000 1.500000 1.570796
3.260 0.000000 1.890000 1.500000 1.570796
3.280 0.000000 1.920000 1.500000 1.570796
3.300 0.000000 1.950000 1.500000 1.570796
3.320 0.000000 1.980000 1.500000 1.570796
3.340 0.000000 2.010000 1.500000 1.570796
3.360 0.000000 2.040000 1.500000 1.570796
3.380 0.000000 2.070000 1.500000 1.570796
3.400 0.000000 2.100000 1.500000 1.570796
3.420 0.000000 2.130000 1.500000 1.570796
3.440 0.000000 2.160000 1.500000 1.570796
3.460 0.000000 2.190000 1.500000 1.570796
3.480 0.000000 2.220000 1.500000 1.570796
3.500 0.000000 2.250000 1.500000 1.570796
3.520 0.000000 2.280000 1.500000 1.570796
3.540 0.000000 2.310000 1.500000 1.570796
3.560 0.000000 2.340000 1.500000 1.570796
3.580 0.000000 2.370000 1.500000 1.570796
3.600 0.000000 2.400000 1.500000 1.570796
3.620 0.000000 2.430000 1.500000 1.570796
3.640 0.000000 2.460000 1.500000 1.570796
3.660 0.000000 2.490000 1.500000 1.570796
3.680 0.000000 2.520000 1.500000 1.570796
3.700 0.000000 2.550000 1.500000 1.570796
3.720 0.000000 2.580000 1.500000 1.570796
3.740 0.000000 2.610000 1.500000 1.570796
3.760 0.000000 2.640000 1.500000 1.570796
3.780 0.000000 2.670000 1.500000 1.570796
3.800 0.000000 2.700000 1.500000 1.570796
3.820 0.000000 2.730000 1.500000 1.570796
3.840 0.000000 2.760000 1.500000 1.570796
3.860 0.000000 2.790000 1.500000 1.570796
3.880 0.000000 2.820000 1.500000 1.570796
3.900 0.000000 2.850000 1.500000 1.570796
3.920 0.000000 2.880000 1.500000 1.570796
3.940 0.000000 2.910000 1.500000 1.570796
3.960 0.000000 2.940000 1.500000 1.570796
3.980 0.000000 2.970000 1.500000 1.570796
4.000 0.000000 3.000000 1.500000 1.570796
4.020 0.000000 3.030000 1.500000 1.570796
4.040 0.000000 3.060000 1.500000 1.570796
4.060 0.000000 3.090000 1.500000 1.570796
4.080 0.000000 3.120000 1.500000 1.570796
4.100 0.000000 3.150000 1.500000 1.570796
4.120 0.000000 3.180000 1.500000 1.570796
4.140 0.000000 3.210000 1.500000 1.570796
4.160 0.000000 3.240000 1.500000 1.570796
4.180 0.000000 3.270000 1.500000 1.570796
4.200 0.000000 3.300000 1.500000 1.570796
4.220 0.000000 3.330000 1.500000 1.570796
4.240 0.000000 3.360000 1.500000 1.570796
4.260 0.000000 3.390000 1.500000 1.570796
4.280 0.000000 3.420000 1.500000 1.570796
4.300 0.000000 3.450000 1.500000 1.570796
4.320 0.000000 3.480000 1.500000 1.570796
4.340 0.000000 3.510000 1.500000 1.570796
4.360 0.000000 3.540000 1.500000 1.570796
4.380 0.000000 3.570000 1.500000 1.570796
4.400 0.000000 3.600000 1.500000 1.570796
4.420 0.000000 3.630000 1.500000 1.570796
4.440 0.000000 3.660000 1.500000 1.570796
4.460 0.000000 3.690000 1.500000 1.570796
4.480 0.000000 3.720000 1.500000 1.570796
4.500 0.000000 3.750000 1.500000 1.570796
4.520 0.000000 3.780000 1.500000 1.570796
4.540 0.000000 3.810000 1.500000 1.570796
4.560 0.000000 3.840000 1.500000 1.570796
4.580 0.000000 3.870000 1.500000 1.570796
4.600 0.000000 3.900000 1.500000 1.570796
4.620 0.000000 3.930000 1.500000 1.570796
4.640 0.000000 3.960000 1.500000 1.570796
4.660 0.000000 3.990000 1.500000 1.570796
4.680 0.000000 4.000000 1.500000 1.549852
4.700 0.000000 4.000000 1.500000 1.518436
4.720 0.000000 4.000000 1.500000 1.487021
4.740 0.000000 4.000000 1.500000 1.455605
4.760 0.000000 4.000000 1.500000 1.424189
4.780 0.000000 4.000000 1.500000 1.392773
4.800 0.000000 4.000000 1.500000 1.361357
4.820 0.000000 4.000000 1.500000 1.329941
4.840 0.000000 4.000000 1.500000 1.298525
4.860 0.000000 4.000000 1.500000 1.267109
4.880 0.000000 4.000000 1.500000 1.235693
4.900 0.000000 4.000000 1.500000 1.204277
4.920 0.000000 4.000000 1.500000 1.172861
4.940 0.000000 4.000000 1.500000 1.141445
4.960 0.000000 4.000000 1.500000 1.110029
4.980 0.000000 4.000000 1.500000 1.078613
5.000 0.000000 4.000000 1.500000 1.047198
5.020 0.000000 4.000000 1.500000 1.015782
5.040 0.000000 4.000000 1.500000 0.984366
5.060 0.000000 4.000000 1.500000 0.952950
5.080 0.000000 4.000000 1.500000 0.921534
5.100 0.000000 4.000000 1.500000 0.890118
5.120 0.000000 4.000000 1.500000 0.858702
5.140 0.000000 4.000000 1.500000 0.827286
5.160 0.000000 4.000000 1.500000 0.795870
5.180 0.000000 4.000000 1.500000 0.764454
5.200 0.000000 4.000000 1.500000 0.733038
5.220 0.000000 4.000000 1.500000 0.701622
5.240 0.000000 4.000000 1.500000 0.670206
5.260 0.000000 4.000000 1.500000 0.638791
5.280 0.000000 4.000000 1.500000 0.607375
5.300 0.000000 4.000000 1.500000 0.575959
5.320 0.000000 4.000000 1.500000 0.544543
5.340 0.000000 4.000000 1.500000 0.513127
5.360 0.000000 4.000000 1.500000 0.481711
5.380 0.000000 4.000000 1.500000 0.450295
5.400 0.000000 4.000000 1.500000 0.418879
5.420 0.000000 4.000000 1.500000 0.387463
5.440 0.000000 4.000000 1.500000 0.356047
5.460 0.000000 4.000000 1.500000 0.324631
5.480 0.000000 4.000000 1.500000 0.293215
5.500 0.000000 4.000000 1.500000 0.261799
5.520 0.000000 4.000000 1.500000 0.230383
5.540 0.000000 4.000000 1.500000 0.198968
5.560 0.000000 4.000000 1.500000 0.167552
5.580 0.000000 4.000000 1.500000 0.136136
5.600 0.000000 4.000000 1.500000 0.104720
5.620 0.000000 4.000000 1.500000 0.073304
5.640 0.000000 4.000000 1.500000 0.041888
5.660 0.000000 4.000000 1.500000 0.010472
5.680 0.020000 4.000000 1.500000 0.000000
5.700 0.050000 4.000000 1.500000 0.000000
5.720 0.080000 4.000000 1.500000 0.000000
5.740 0.110000 4.000000 1.500000 0.000000
5.760 0.140000 4.000000 1.500000 0.000000
5.780 0.170000 4.000000 1.500000 0.000000
5.800 0.200000 4.000000 1.500000 0.000000
5.820 0.230000 4.000000 1.500000 0.000000
5.840 0.260000 4.000000 1.500000 0.000000
5.860 0.290000 4.000000 1.500000 0.000000
5.880 0.320000 4.000000 1.500000 0.000000
5.900 0.350000 4.000000 1.500000 0.000000
5.920 0.380000 4.000000 1.500000 0.000000
5.940 0.410000 4.000000 1.500000 0.000000
5.960 0.440000 4.000000 1.500000 0.000000
5.980 0.470000 4.000000 1.500000 0.000000
6.000 0.500000 4.000000 1.500000 0.000000
6.020 0.530000 4.000000 1.500000 0.000000
6.040 0.560000 4.000000 1.500000 0.000000
6.060 0.590000 4.000000 1.500000 0.000000
6.080 0.620000 4.000000 1.500000 0.000000
6.100 0.650000 4.000000 1.500000 0.000000
6.120 0.680000 4.000000 1.500000 0.000000
6.140 0.710000 4.000000 1.500000 0.000000
6.160 0.740000 4.000000 1.500000 0.000000
6.180 0.770000 4.000000 1.500000 0.000000
6.200 0.800000 4.000000 1.500000 0.000000
6.220 0.830000 4.000000 1.500000 0.000000
6.240 0.860000 4.000000 1.500000 0.000000
6.260 0.890000 4.000000 1.500000 0.000000
6.280 0.920000 4.000000 1.500000 0.000000
6.300 0.950000 4.000000 1.500000 0.000000
6.320 0.980000 4.000000 1.500000 0.000000
6.340 1.010000 4.000000 1.500000 0.000000
6.360 1.040000 4.000000 1.500000 0.000000
6.380 1.070000 4.000000 1.500000 0.000000
6.400 1.100000 4.000000 1.500000 0.000000
6.420 1.130000 4.000000 1.500000 0.000000
6.440 1.160000 4.000000 1.500000 0.000000
6.460 1.190000 4.000000 1.500000 0.000000
6.480 1.220000 4.000000 1.500000 0.000000
6.500 1.250000 4.000000 1.500000 0.000000
6.520 1.280000 4.000000 1.500000 0.000000
6.540 1.310000 4.000000 1.500000 0.000000
6.560 1.340000 4.000000 1.500000 0.000000
6.580 1.370000 4.000000 1.500000 0.000000
6.600 1.400000 4.000000 1.500000 0.000000
6.620 1.430000 4.000000 1.500000 0.000000
6.640 1.460000 4.000000 1.500000 0.000000
6.660 1.490000 4.000000 1.500000 0.000000
6.680 1.520000 4.000000 1.500000 0.000000
6.700 1.550000 4.000000 1.500000 0.000000
6.720 1.580000 4.000000 1.500000 0.000000
6.740 1.610000 4.000000 1.500000 0.000000
6.760 1.640000 4.000000 1.500000 0.000000
6.780 1.670000 4.000000 1.500000 0.000000
6.800 1.700000 4.000000 1.500000 0.000000
6.820 1.730000 4.000000 1.500000 0.000000
6.840 1.760000 4.000000 1.500000 0.000000
6.860 1.790000 4.000000 1.500000 0.000000
6.880 1.820000 4.000000 1.500000 0.000000
6.900 1.850000 4.000000 1.500000 0.000000
6.920 1.880000 4.000000 1.500000 0.000000
6.940 1.910000 4.000000 1.500000 0.000000
6.960 1.940000 4.000000 1.500000 0.000000
6.980 1.970000 4.000000 1.500000 0.000000
7.000 2.000000 4.000000 1.500000 0.000000
7.020 2.030000 4.000000 1.500000 0.000000
7.040 2.060000 4.000000 1.500000 0.000000
7.060 2.090000 4.000000 1.500000 0.000000
7.080 2.120000 4.000000 1.500000 0.000000
7.100 2.150000 4.000000 1.500000 0.000000
7.120 2.180000 4.000000 1.500000 0.000000
7.140 2.210000 4.000000 1.500000 0.000000
7.160 2.240000 4.000000 1.500000 0.000000
7.180 2.270000 4.000000 1.500000 0.000000
7.200 2.300000 4.000000 1.500000 0.000000
7.220 2.330000 4.000000 1.500000 0.000000
7.240 2.360000 4.000000 1.500000 0.000000
7.260 2.390000 4.000000 1.500000 0.000000
7.280 2.420000 4.000000 1.500000 0.000000
7.300 2.450000 4.000000 1.500000 0.000000
7.320 2.480000 4.000000 1.500000 0.000000
7.340 2.510000 4.000000 1.500000 0.000000
7.360 2.540000 4.000000 1.500000 0.000000
7.380 2.570000 4.000000 1.500000 0.000000
7.400 2.600000 4.000000 1.500000 0.000000
7.420 2.630000 4.000000 1.500000 0.000000
7.440 2.660000 4.000000 1.500000 0.000000
7.460 2.690000 4.000000 1.500000 0.000000
7.480 2.720000 4.000000 1.500000 0.000000
7.500 2.750000 4.000000 1.500000 0.000000
7.520 2.780000 4.000000 1.500000 0.000000
7.540 2.810000 4.000000 1.500000 0.000000
7.560 2.840000 4.000000 1.500000 0.000000
7.580 2.870000 4.000000 1.500000 0.000000
7.600 2.900000 4.000000 1.500000 0.000000
7.620 2.930000 4.000000 1.500000 0.000000
7.640 2.960000 4.000000 1.500000 0.000000
7.660 2.990000 4.000000 1.500000 0.000000
7.680 3.020000 4.000000 1.500000 0.000000
7.700 3.050000 4.000000 1.500000 0.000000
7.720 3.080000 4.000000 1.500000 0.000000
7.740 3.110000 4.000000 1.500000 0.000000
7.760 3.140000 4.000000 1.500000 0.000000
7.780 3.170000 4.000000 1.500000 0.000000
7.800 3.200000 4.000000 1.500000 0.000000
7.820 3.230000 4.000000 1.500000 0.000000
7.840 3.260000 4.000000 1.500000 0.000000
7.860 3.290000 4.000000 1.500000 0.000000
7.880 3.320000 4.000000 1.500000 0.000000
7.900 3.350000 4.000000 1.500000 0.000000
7.920 3.380000 4.000000 1.500000 0.000000
7.940 3.410000 4.000000 1.500000 0.000000
7.960 3.440000 4.000000 1.500000 0.000000
7.980 3.470000 4.000000 1.500000 0.000000
8.000 3.500000 4.000000 1.500000 0.000000
8.020 3.530000 4.000000 1.500000 0.000000
8.040 3.560000 4.000000 1.500000 0.000000
8.060 3.590000 4.000000 1.500000 0.000000
8.080 3.620000 4.000000 1.500000 0.000000
8.100 3.650000 4.000000 1.500000 0.000000
8.120 3.680000 4.000000 1.500000 0.000000
8.140 3.710000 4.000000 1.500000 0.000000
8.160 3.740000 4.000000 1.500000 0.000000
8.180 3.770000 4.000000 1.500000 0.000000
8.200 3.800000 4.000000 1.500000 0.000000
8.220 3.830000 4.000000 1.500000 0.000000
8.240 3.860000 4.000000 1.500000 0.000000
8.260 3.890000 4.000000 1.500000 0.000000
8.280 3.920000 4.000000 1.500000 0.000000
8.300 3.950000 4.000000 1.500000 0.000000
8.320 3.980000 4.000000 1.500000 0.000000
8.340 4.010000 4.000000 1.500000 0.000000
8.360 4.040000 4.000000 1.500000 0.000000
8.380 4.070000 4.000000 1.500000 0.000000
8.400 4.100000 4.000000 1.500000 0.000000
8.420 4.130000 4.000000 1.500000 0.000000
8.440 4.160000 4.000000 1.500000 0.000000
8.460 4.190000 4.000000 1.500000 0.000000
8.480 4.220000 4.000000 1.500000 0.000000
8.500 4.250000 4.000000 1.500000 0.000000
8.520 4.280000 4.000000 1.500000 0.000000
8.540 4.310000 4.000000 1.500000 0.000000
8.560 4.340000 4.000000 1.500000 0.000000
8.580 4.370000 4.000000 1.500000 0.000000
8.600 4.400000 4.000000 1.500000 0.000000
8.620 4.430000 4.000000 1.500000 0.000000
8.640 4.460000 4.000000 1.500000 0.000000
8.660 4.490000 4.000000 1.500000 0.000000
8.680 4.520000 4.000000 1.500000 0.000000
8.700 4.550000 4.000000 1.500000 0.000000
8.720 4.580000 4.000000 1.500000 0.000000
8.740 4.610000 4.000000 1.500000 0.000000
8.760 4.640000 4.000000 1.500000 0.000000
8.780 4.670000 4.000000 1.500000 0.000000
8.800 4.700000 4.000000 1.500000 0.000000
8.820 4.730000 4.000000 1.500000 0.000000
8.840 4.760000 4.000000 1.500000 0.000000
8.860 4.790000 4.000000 1.500000 0.000000
8.880 4.820000 4.000000 1.500000 0.000000
8.900 4.850000 4.000000 1.500000 0.000000
8.920 4.880000 4.000000 1.500000 0.000000
8.940 4.910000 4.000000 1.500000 0.000000
8.960 4.940000 4.000000 1.500000 0.000000
8.980 4.970000 4.000000 1.500000 0.000000
9.000 5.000000 4.000000 1.500000 0.000000
9.020 5.030000 4.000000 1.500000 0.000000
9.040 5.060000 4.000000 1.500000 0.000000
9.060 5.090000 4.000000 1.500000 0.000000
9.080 5.120000 4.000000 1.500000 0.000000
9.100 5.150000 4.000000 1.500000 0.000000
9.120 5.180000 4.000000 1.500000 0.000000
9.140 5.210000 4.000000 1.500000 0.000000
9.160 5.240000 4.000000 1.500000 0.000000
9.180 5.270000 4.000000 1.500000 0.000000
9.200 5.300000 4.000000 1.500000 0.000000
9.220 5.330000 4.000000 1.500000 0.000000
9.240 5.360000 4.000000 1.500000 0.000000
9.260 5.390000 4.000000 1.500000 0.000000
9.280 5.420000 4.000000 1.500000 0.000000
9.300 5.450000 4.000000 1.500000 0.000000
9.320 5.480000 4.000000 1.500000 0.000000
9.340 5.510000 4.000000 1.500000 0.000000
9.360 5.540000 4.000000 1.500000 0.000000
9.380 5.570000 4.000000 1.500000 0.000000
9.400 5.600000 4.000000 1.500000 0.000000
9.420 5.630000 4.000000 1.500000 0.000000
9.440 5.660000 4.000000 1.500000 0.000000
9.460 5.690000 4.000000 1.500000 0.000000
9.480 5.720000 4.000000 1.500000 0.000000
9.500 5.750000 4.000000 1.500000 0.000000
9.520 5.780000 4.000000 1.500000 0.000000
9.540 5.810000 4.000000 1.500000 0.000000
9.560 5.840000 4.000000 1.500000 0.000000
9.580 5.870000 4.000000 1.500000 0.000000
9.600 5.900000 4.000000 1.500000 0.000000
9.620 5.930000 4.000000 1.500000 0.000000
9.640 5.960000 4.000000 1.500000 0.000000
9.660 5.990000 4.000000 1.500000 0.000000
9.680 6.000000 4.000000 1.500000 -0.020944
9.700 6.000000 4.000000 1.500000 -0.052360
9.720 6.000000 4.000000 1.500000 -0.083776
9.740 6.000000 4.000000 1.500000 -0.115192
9.760 6.000000 4.000000 1.500000 -0.146608
9.780 6.000000 4.000000 1.500000 -0.178024
9.800 6.000000 4.000000 1.500000 -0.209440
9.820 6.000000 4.000000 1.500000 -0.240855
9.840 6.000000 4.000000 1.500000 -0.272271
9.860 6.000000 4.000000 1.500000 -0.303687
9.880 6.000000 4.000000 1.500000 -0.335103
9.900 6.000000 4.000000 1.500000 -0.366519
9.920 6.000000 4.000000 1.500000 -0.397935
9.940 6.000000 4.000000 1.500000 -0.429351
9.960 6.000000 4.000000 1.500000 -0.460767
9.980 6.000000 4.000000 1.500000 -0.492183
10.000 6.000000 4.000000 1.500000 -0.523599
10.020 6.000000 4.000000 1.500000 -0.555015
10.040 6.000000 4.000000 1.500000 -0.586431
10.060 6.000000 4.000000 1.500000 -0.617847
10.080 6.000000 4.000000 1.500000 -0.649262
10.100 6.000000 4.000000 1.500000 -0.680678
10.120 6.000000 4.000000 1.500000 -0.712094
10.140 6.000000 4.000000 1.500000 -0.743510
10.160 6.000000 4.000000 1.500000 -0.774926
10.180 6.000000 4.000000 1.500000 -0.806342
10.200 6.000000 4.000000 1.500000 -0.837758
10.220 6.000000 4.000000 1.500000 -0.869174
10.240 6.000000 4.000000 1.500000 -0.900590
10.260 6.000000 4.000000 1.500000 -0.932006
10.280 6.000000 4.000000 1.500000 -0.963422
10.300 6.000000 4.000000 1.500000 -0.994838
10.320 6.000000 4.000000 1.500000 -1.026254
10.340 6.000000 4.000000 1.500000 -1.057670
10.360 6.000000 4.000000 1.500000 -1.089085
10.380 6.000000 4.000000 1.500000 -1.120501
10.400 6.000000 4.000000 1.500000 -1.151917
10.420 6.000000 4.000000 1.500000 -1.183333
10.440 6.000000 4.000000 1.500000 -1.214749
10.460 6.000000 4.000000 1.500000 -1.246165
10.480 6.000000 4.000000 1.500000 -1.277581
10.500 6.000000 4.000000 1.500000 -1.308997
10.520 6.000000 4.000000 1.500000 -1.340413
10.540 6.000000 4.000000 1.500000 -1.371829
10.560 6.000000 4.000000 1.500000 -1.403245
10.580 6.000000 4.000000 1.500000 -1.434661
10.600 6.000000 4.000000 1.500000 -1.466077
10.620 6.000000 4.000000 1.500000 -1.497492
10.640 6.000000 4.000000 1.500000 -1.528908
10.660 6.000000 4.000000 1.500000 -1.560324
10.680 6.000000 3.980000 1.500000 -1.570796
10.700 6.000000 3.950000 1.500000 -1.570796
10.720 6.000000 3.920000 1.500000 -1.570796
10.740 6.000000 3.890000 1.500000 -1.570796
10.760 6.000000 3.860000 1.500000 -1.570796
10.780 6.000000 3.830000 1.500000 -1.570796
10.800 6.000000 3.800000 1.500000 -1.570796
10.820 6.000000 3.770000 1.500000 -1.570796
10.840 6.000000 3.740000 1.500000 -1.570796
10.860 6.000000 3.710000 1.500000 -1.570796
10.880 6.000000 3.680000 1.500000 -1.570796
10.900 6.000000 3.650000 1.500000 -1.570796
10.920 6.000000 3.620000 1.500000 -1.570796
10.940 6.000000 3.590000 1.500000 -1.570796
10.960 6.000000 3.560000 1.500000 -1.570796
10.980 6.000000 3.530000 1.500000 -1.570796
11.000 6.000000 3.500000 1.500000 -1.570796
11.020 6.000000 3.470000 1.500000 -1.570796
11.040 6.000000 3.440000 1.500000 -1.570796
11.060 6.000000 3.410000 1.500000 -1.570796
11.080 6.000000 3.380000 1.500000 -1.570796
11.100 6.000000 3.350000 1.500000 -1.570796
11.120 6.000000 3.320000 1.500000 -1.570796
11.140 6.000000 3.290000 1.500000 -1.570796
11.160 6.000000 3.260000 1.500000 -1.570796
11.180 6.000000 3.230000 1.500000 -1.570796
11.200 6.000000 3.200000 1.500000 -1.570796
11.220 6.000000 3.170000 1.500000 -1.570796
11.240 6.000000 3.140000 1.500000 -1.570796
11.260 6.000000 3.110000 1.500000 -1.570796
11.280 6.000000 3.080000 1.500000 -1.570796
11.300 6.000000 3.050000 1.500000 -1.570796
11.320 6.000000 3.020000 1.500000 -1.570796
11.340 6.000000 2.990000 1.500000 -1.570796
11.360 6.000000 2.960000 1.500000 -1.570796
11.380 6.000000 2.930000 1.500000 -1.570796
11.400 6.000000 2.900000 1.500000 -1.570796
11.420 6.000000 2.870000 1.500000 -1.570796
11.440 6.000000 2.840000 1.500000 -1.570796
11.460 6.000000 2.810000 1.500000 -1.570796
11.480 6.000000 2.780000 1.500000 -1.570796
11.500 6.000000 2.750000 1.500000 -1.570796
11.520 6.000000 2.720000 1.500000 -1.570796
11.540 6.000000 2.690000 1.500000 -1.570796
11.560 6.000000 2.660000 1.500000 -1.570796
11.580 6.000000 2.630000 1.500000 -1.570796
11.600 6.000000 2.600000 1.500000 -1.570796
11.620 6.000000 2.570000 1.500000 -1.570796
11.640 6.000000 2.540000 1.500000 -1.570796
11.660 6.000000 2.510000 1.500000 -1.570796
11.680 6.000000 2.480000 1.500000 -1.570796
11.700 6.000000 2.450000 1.500000 -1.570796
11.720 6.000000 2.420000 1.500000 -1.570796
11.740 6.000000 2.390000 1.500000 -1.570796
11.760 6.000000 2.360000 1.500000 -1.570796
11.780 6.000000 2.330000 1.500000 -1.570796
11.800 6.000000 2.300000 1.500000 -1.570796
11.820 6.000000 2.270000 1.500000 -1.570796
11.840 6.000000 2.240000 1.500000 -1.570796
11.860 6.000000 2.210000 1.500000 -1.570796
11.880 6.000000 2.180000 1.500000 -1.570796
11.900 6.000000 2.150000 1.500000 -1.570796
11.920 6.000000 2.120000 1.500000 -1.570796
11.940 6.000000 2.090000 1.500000 -1.570796
11.960 6.000000 2.060000 1.500000 -1.570796
11.980 6.000000 2.030000 1.500000 -1.570796
12.000 6.000000 2.000000 1.500000 -1.570796
12.020 6.000000 1.970000 1.500000 -1.570796
12.040 6.000000 1.940000 1.500000 -1.570796
12.060 6.000000 1.910000 1.500000 -1.570796
12.080 6.000000 1.880000 1.500000 -1.570796
12.100 6.000000 1.850000 1.500000 -1.570796
12.120 6.000000 1.820000 1.500000 -1.570796
12.140 6.000000 1.790000 1.500000 -1.570796
12.160 6.000000 1.760000 1.500000 -1.570796
12.180 6.000000 1.730000 1.500000 -1.570796
12.200 6.000000 1.700000 1.500000 -1.570796
12.220 6.000000 1.670000 1.500000 -1.570796
12.240 6.000000 1.640000 1.500000 -1.570796
12.260 6.000000 1.610000 1.500000 -1.570796
12.280 6.000000 1.580000 1.500000 -1.570796
12.300 6.000000 1.550000 1.500000 -1.570796
12.320 6.000000 1.520000 1.500000 -1.570796
12.340 6.000000 1.490000 1.500000 -1.570796
12.360 6.000000 1.460000 1.500000 -1.570796
12.380 6.000000 1.430000 1.500000 -1.570796
12.400 6.000000 1.400000 1.500000 -1.570796
12.420 6.000000 1.370000 1.500000 -1.570796
12.440 6.000000 1.340000 1.500000 -1.570796
12.460 6.000000 1.310000 1.500000 -1.570796
12.480 6.000000 1.280000 1.500000 -1.570796
12.500 6.000000 1.250000 1.500000 -1.570796
12.520 6.000000 1.220000 1.500000 -1.570796
12.540 6.000000 1.190000 1.500000 -1.570796
12.560 6.000000 1.160000 1.500000 -1.570796
12.580 6.000000 1.130000 1.500000 -1.570796
12.600 6.000000 1.100000 1.500000 -1.570796
12.620 6.000000 1.070000 1.500000 -1.570796
12.640 6.000000 1.040000 1.500000 -1.570796
12.660 6.000000 1.010000 1.500000 -1.570796
12.680 6.000000 0.980000 1.500000 -1.570796
12.700 6.000000 0.950000 1.500000 -1.570796
12.720 6.000000 0.920000 1.500000 -1.570796
12.740 6.000000 0.890000 1.500000 -1.570796
12.760 6.000000 0.860000 1.500000 -1.570796
12.780 6.000000 0.830000 1.500000 -1.570796
12.800 6.000000 0.800000 1.500000 -1.570796
12.820 6.000000 0.770000 1.500000 -1.570796
12.840 6.000000 0.740000 1.500000 -1.570796
12.860 6.000000 0.710000 1.500000 -1.570796
12.880 6.000000 0.680000 1.500000 -1.570796
12.900 6.000000 0.650000 1.500000 -1.570796
12.920 6.000000 0.620000 1.500000 -1.570796
12.940 6.000000 0.590000 1.500000 -1.570796
12.960 6.000000 0.560000 1.500000 -1.570796
12.980 6.000000 0.530000 1.500000 -1.570796
13.000 6.000000 0.500000 1.500000 -1.570796
13.020 6.000000 0.470000 1.500000 -1.570796
13.040 6.000000 0.440000 1.500000 -1.570796
13.060 6.000000 0.410000 1.500000 -1.570796
13.080 6.000000 0.380000 1.500000 -1.570796
13.100 6.000000 0.350000 1.500000 -1.570796
13.120 6.000000 0.320000 1.500000 -1.570796
13.140 6.000000 0.290000 1.500000 -1.570796
13.160 6.000000 0.260000 1.500000 -1.570796
13.180 6.000000 0.230000 1.500000 -1.570796
13.200 6.000000 0.200000 1.500000 -1.570796
13.220 6.000000 0.170000 1.500000 -1.570796
13.240 6.000000 0.140000 1.500000 -1.570796
13.260 6.000000 0.110000 1.500000 -1.570796
13.280 6.000000 0.080000 1.500000 -1.570796
13.300 6.000000 0.050000 1.500000 -1.570796
13.320 6.000000 0.020000 1.500000 -1.570796
13.340 6.000000 0.000000 1.500000 -1.570796
13.360 6.000000 0.000000 1.500000 -1.570796
13.380 6.000000 0.000000 1.500000 -1.570796
13.400 6.000000 0.000000 1.500000 -1.570796
13.420 6.000000 0.000000 1.500000 -1.570796
13.440 6.000000 0.000000 1.500000 -1.570796
13.460 6.000000 0.000000 1.500000 -1.570796
13.480 6.000000 0.000000 1.500000 -1.570796
13.500 6.000000 0.000000 1.500000 -1.570796
13.520 6.000000 0.000000 1.500000 -1.570796
13.540 6.000000 0.000000 1.500000 -1.570796
13.560 6.000000 0.000000 1.500000 -1.570796
13.580 6.000000 0.000000 1.500000 -1.570796
13.600 6.000000 0.000000 1.500000 -1.570796
13.620 6.000000 0.000000 1.500000 -1.570796
13.640 6.000000 0.000000 1.500000 -1.570796
13.660 6.000000 0.000000 1.500000 -1.570796
13.680 6.000000 0.000000 1.500000 -1.570796
13.700 6.000000 0.000000 1.500000 -1.570796
13.720 6.000000 0.000000 1.500000 -1.570796
13.740 6.000000 0.000000 1.500000 -1.570796
13.760 6.000000 0.000000 1.500000 -1.570796
13.780 6.000000 0.000000 1.500000 -1.570796
13.800 6.000000 0.000000 1.500000 -1.570796
13.820 6.000000 0.000000 1.500000 -1.570796
13.840 6.000000 0.000000 1.500000 -1.570796
13.860 6.000000 0.000000 1.500000 -1.570796
13.880 6.000000 0.000000 1.500000 -1.570796
13.900 6.000000 0.000000 1.500000 -1.570796
13.920 6.000000 0.000000 1.500000 -1.570796
13.940 6.000000 0.000000 1.500000 -1.570796
13.960 6.000000 0.000000 1.500000 -1.570796
13.980 6.000000 0.000000 1.500000 -1.570796
14.000 6.000000 0.000000 1.500000 -1.570796
14.020 6.000000 0.000000 1.500000 -1.570796
14.040 6.000000 0.000000 1.500000 -1.570796
14.060 6.000000 0.000000 1.500000 -1.570796
14.080 6.000000 0.000000 1.500000 -1.570796
14.100 6.000000 0.000000 1.500000 -1.570796
14.120 6.000000 0.000000 1.500000 -1.570796
14.140 6.000000 0.000000 1.500000 -1.570796
14.160 6.000000 0.000000 1.500000 -1.570796
14.180 6.000000 0.000000 1.500000 -1.570796
14.200 6.000000 0.000000 1.500000 -1.570796
14.220 6.000000 0.000000 1.500000 -1.570796
14.240 6.000000 0.000000 1.500000 -1.570796
14.260 6.000000 0.000000 1.500000 -1.570796
14.280 6.000000 0.000000 1.500000 -1.570796
14.300 6.000000 0.000000 1.500000 -1.570796
14.320 6.000000 0.000000 1.500000 -1.570796
14.340 6.000000 0.000000 1.500000 -1.570796
14.360 6.000000 0.000000 1.500000 -1.570796
14.380 6.000000 0.000000 1.500000 -1.570796
14.400 6.000000 0.000000 1.500000 -1.570796
14.420 6.000000 0.000000 1.500000 -1.570796
14.440 6.000000 0.000000 1.500000 -1.570796
14.460 6.000000 0.000000 1.500000 -1.570796
14.480 6.000000 0.000000 1.500000 -1.570796
14.500 6.000000 0.000000 1.500000 -1.570796
14.520 6.000000 0.000000 1.500000 -1.570796
14.540 6.000000 0.000000 1.500000 -1.570796
14.560 6.000000 0.000000 1.500000 -1.570796
14.580 6.000000 0.000000 1.500000 -1.570796
14.600 6.000000 0.000000 1.500000 -1.570796
14.620 6.000000 0.000000 1.500000 -1.570796
14.640 6.000000 0.000000 1.500000 -1.570796
14.660 6.000000 0.000000 1.500000 -1.570796
14.680 6.000000 0.000000 1.500000 -1.570796
14.700 6.000000 0.000000 1.500000 -1.570796
14.720 6.000000 0.000000 1.500000 -1.570796
14.740 6.000000 0.000000 1.500000 -1.570796
14.760 6.000000 0.000000 1.500000 -1.570796
14.780 6.000000 0.000000 1.500000 -1.570796
14.800 6.000000 0.000000 1.500000 -1.570796
14.820 6.000000 0.000000 1.500000 -1.570796
14.840 6.000000 0.000000 1.500000 -1.570796
14.860 6.000000 0.000000 1.500000 -1.570796
14.880 6.000000 0.000000 1.500000 -1.570796
14.900 6.000000 0.000000 1.500000 -1.570796
14.920 6.000000 0.000000 1.500000 -1.570796
14.940 6.000000 0.000000 1.500000 -1.570796
14.960 6.000000 0.000000 1.500000 -1.570796
14.980 6.000000 0.000000 1.500000 -1.570796
15.000 6.000000 0.000000 1.500000 -1.570796
15.020 6.000000 0.000000 1.500000 -1.570796
15.040 6.000000 0.000000 1.500000 -1.570796
15.060 6.000000 0.000000 1.500000 -1.570796
15.080 6.000000 0.000000 1.500000 -1.570796
15.100 6.000000 0.000000 1.500000 -1.570796
15.120 6.000000 0.000000 1.500000 -1.570796
15.140 6.000000 0.000000 1.500000 -1.570796
15.160 6.000000 0.000000 1.500000 -1.570796
15.180 6.000000 0.000000 1.500000 -1.570796
15.200 6.000000 0.000000 1.500000 -1.570796
15.220 6.000000 0.000000 1.500000 -1.570796
15.240 6.000000 0.000000 1.500000 -1.570796
15.260 6.000000 0.000000 1.500000 -1.570796
15.280 6.000000 0.000000 1.500000 -1.570796
15.300 6.000000 0.000000 1.500000 -1.570796
15.320 6.000000 0.000000 1.500000 -1.570796
