# t x y z theta
0.000 0.000000 0.000000 0.000000 0.000000
0.020 0.000000 0.000000 0.015000 0.000000
0.040 0.000000 0.000000 0.030000 0.000000
0.060 0.000000 0.000000 0.045000 0.000000
0.080 0.000000 0.000000 0.060000 0.000000
0.100 0.000000 0.000000 0.075000 0.000000
0.120 0.000000 0.000000 0.090000 0.000000
0.140 0.000000 0.000000 0.105000 0.000000
0.160 0.000000 0.000000 0.120000 0.000000
0.180 0.000000 0.000000 0.135000 0.000000
0.200 0.000000 0.000000 0.150000 0.000000
0.220 0.000000 0.000000 0.165000 0.000000
0.240 0.000000 0.000000 0.180000 0.000000
0.260 0.000000 0.000000 0.195000 0.000000
0.280 0.000000 0.000000 0.210000 0.000000
0.300 0.000000 0.000000 0.225000 0.000000
0.320 0.000000 0.000000 0.240000 0.000000
0.340 0.000000 0.000000 0.255000 0.000000
0.360 0.000000 0.000000 0.270000 0.000000
0.380 0.000000 0.000000 0.285000 0.000000
0.400 0.000000 0.000000 0.300000 0.000000
0.420 0.000000 0.000000 0.315000 0.000000
0.440 0.000000 0.000000 0.330000 0.000000
0.460 0.000000 0.000000 0.345000 0.000000
0.480 0.000000 0.000000 0.360000 0.000000
0.500 0.000000 0.000000 0.375000 0.000000
0.520 0.000000 0.000000 0.390000 0.000000
0.540 0.000000 0.000000 0.405000 0.000000
0.560 0.000000 0.000000 0.420000 0.000000
0.580 0.000000 0.000000 0.435000 0.000000
0.600 0.000000 0.000000 0.450000 0.000000
0.620 0.000000 0.000000 0.465000 0.000000
0.640 0.000000 0.000000 0.480000 0.000000
0.660 0.000000 0.000000 0.495000 0.000000
0.680 0.000000 0.000000 0.510000 0.000000
0.700 0.000000 0.000000 0.525000 0.000000
0.720 0.000000 0.000000 0.540000 0.000000
0.740 0.000000 0.000000 0.555000 0.000000
0.760 0.000000 0.000000 0.570000 0.000000
0.780 0.000000 0.000000 0.585000 0.000000
0.800 0.000000 0.000000 0.600000 0.000000
0.820 0.000000 0.000000 0.615000 0.000000
0.840 0.000000 0.000000 0.630000 0.000000
0.860 0.000000 0.000000 0.645000 0.000000
0.880 0.000000 0.000000 0.660000 0.000000
0.900 0.000000 0.000000 0.675000 0.000000
0.920 0.000000 0.000000 0.690000 0.000000
0.940 0.000000 0.000000 0.705000 0.000000
0.960 0.000000 0.000000 0.720000 0.000000
0.980 0.000000 0.000000 0.735000 0.000000
1.000 0.000000 0.000000 0.750000 0.000000
1.020 0.000000 0.000000 0.765000 0.000000
1.040 0.000000 0.000000 0.780000 0.000000
1.060 0.000000 0.000000 0.795000 0.000000
1.080 0.000000 0.000000 0.810000 0.000000
1.100 0.000000 0.000000 0.825000 0.000000
1.120 0.000000 0.000000 0.840000 0.000000
1.140 0.000000 0.000000 0.855000 0.000000
1.160 0.000000 0.000000 0.870000 0.000000
1.180 0.000000 0.000000 0.885000 0.000000
1.200 0.000000 0.000000 0.900000 0.000000
1.220 0.000000 0.000000 0.915000 0.000000
1.240 0.000000 0.000000 0.930000 0.000000
1.260 0.000000 0.000000 0.945000 0.000000
1.280 0.000000 0.000000 0.960000 0.000000
1.300 0.000000 0.000000 0.975000 0.000000
1.320 0.000000 0.000000 0.990000 0.000000
1.340 0.000000 0.000000 1.005000 0.000000
1.360 0.000000 0.000000 1.020000 0.000000
1.380 0.000000 0.000000 1.035000 0.000000
1.400 0.000000 0.000000 1.050000 0.000000
1.420 0.000000 0.000000 1.065000 0.000000
1.440 0.000000 0.000000 1.080000 0.000000
1.460 0.000000 0.000000 1.095000 0.000000
1.480 0.000000 0.000000 1.110000 0.000000
1.500 0.000000 0.000000 1.125000 0.000000
1.520 0.000000 0.000000 1.140000 0.000000
1.540 0.000000 0.000000 1.155000 0.000000
1.560 0.000000 0.000000 1.170000 0.000000
1.580 0.000000 0.000000 1.185000 0.000000
1.600 0.000000 0.000000 1.200000 0.000000
1.620 0.000000 0.000000 1.215000 0.000000
1.640 0.000000 0.000000 1.230000 0.000000
1.660 0.000000 0.000000 1.245000 0.000000
1.680 0.000000 0.000000 1.260000 0.000000
1.700 0.000000 0.000000 1.275000 0.000000
1.720 0.000000 0.000000 1.290000 0.000000
1.740 0.000000 0.000000 1.305000 0.000000
1.760 0.000000 0.000000 1.320000 0.000000
1.780 0.000000 0.000000 1.335000 0.000000
1.800 0.000000 0.000000 1.350000 0.000000
1.820 0.000000 0.000000 1.365000 0.000000
1.840 0.000000 0.000000 1.380000 0.000000
1.860 0.000000 0.000000 1.395000 0.000000
1.880 0.000000 0.000000 1.410000 0.000000
1.900 0.000000 0.000000 1.425000 0.000000
1.920 0.000000 0.000000 1.440000 0.000000
1.940 0.000000 0.000000 1.455000 0.000000
1.960 0.000000 0.000000 1.470000 0.000000
1.980 0.000000 0.000000 1.485000 0.000000
2.000 0.000000 0.000000 1.500000 0.000000
2.020 0.000000 0.020000 1.500000 1.570796
2.040 0.000000 0.040000 1.500000 1.570796
2.060 0.000000 0.060000 1.500000 1.570796
2.080 0.000000 0.080000 1.500000 1.570796
2.100 0.000000 0.100000 1.500000 1.570796
2.120 0.000000 0.120000 1.500000 1.570796
2.140 0.000000 0.140000 1.500000 1.570796
2.160 0.000000 0.160000 1.500000 1.570796
2.180 0.000000 0.180000 1.500000 1.570796
2.200 0.000000 0.200000 1.500000 1.570796
2.220 0.000000 0.220000 1.500000 1.570796
2.240 0.000000 0.240000 1.500000 1.570796
2.260 0.000000 0.260000 1.500000 1.570796
2.280 0.000000 0.280000 1.500000 1.570796
2.300 0.000000 0.300000 1.500000 1.570796
2.320 0.000000 0.320000 1.500000 1.570796
2.340 0.000000 0.340000 1.500000 1.570796
2.360 0.000000 0.360000 1.500000 1.570796
2.380 0.000000 0.380000 1.500000 1.570796
2.400 0.000000 0.400000 1.500000 1.570796
2.420 0.000000 0.420000 1.500000 1.570796
2.440 0.000000 0.440000 1.500000 1.570796
2.460 0.000000 0.460000 1.500000 1.570796
2.480 0.000000 0.480000 1.500000 1.570796
2.500 0.000000 0.500000 1.500000 1.570796
2.520 0.000000 0.520000 1.500000 1.570796
2.540 0.000000 0.540000 1.500000 1.570796
2.560 0.000000 0.560000 1.500000 1.570796
2.580 0.000000 0.580000 1.500000 1.570796
2.600 0.000000 0.600000 1.500000 1.570796
2.620 0.000000 0.620000 1.500000 1.570796
2.640 0.000000 0.640000 1.500000 1.570796
2.660 0.000000 0.660000 1.500000 1.570796
2.680 0.000000 0.680000 1.500000 1.570796
2.700 0.000000 0.700000 1.500000 1.570796
2.720 0.000000 0.720000 1.500000 1.570796
2.740 0.000000 0.740000 1.500000 1.570796
2.760 0.000000 0.760000 1.500000 1.570796
2.780 0.000000 0.780000 1.500000 1.570796
2.800 0.000000 0.800000 1.500000 1.570796
2.820 0.000000 0.820000 1.500000 1.570796
2.840 0.000000 0.840000 1.500000 1.570796
2.860 0.000000 0.860000 1.500000 1.570796
2.880 0.000000 0.880000 1.500000 1.570796
2.900 0.000000 0.900000 1.500000 1.570796
2.920 0.000000 0.920000 1.500000 1.570796
2.940 0.000000 0.940000 1.500000 1.570796
2.960 0.000000 0.960000 1.500000 1.570796
2.980 0.000000 0.980000 1.500000 1.570796
3.000 0.000000 1.000000 1.500000 1.570796
3.020 0.000000 1.020000 1.500000 1.570796
3.040 0.000000 1.040000 1.500000 1.570796
3.060 0.000000 1.060000 1.500000 1.570796
3.080 0.000000 1.080000 1.500000 1.570796
3.100 0.000000 1.100000 1.500000 1.570796
3.120 0.000000 1.120000 1.500000 1.570796
3.140 0.000000 1.140000 1.500000 1.570796
3.160 0.000000 1.160000 1.500000 1.570796
3.180 0.000000 1.180000 1.500000 1.570796
3.200 0.000000 1.200000 1.500000 1.570796
3.220 0.000000 1.220000 1.500000 1.570796
3.240 0.000000 1.240000 1.500000 1.570796
3.260 0.000000 1.260000 1.500000 1.570796
3.280 0.000000 1.280000 1.500000 1.570796
3.300 0.000000 1.300000 1.500000 1.570796
3.320 0.000000 1.320000 1.500000 1.570796
3.340 0.000000 1.340000 1.500000 1.570796
3.360 0.000000 1.360000 1.500000 1.570796
3.380 0.000000 1.380000 1.500000 1.570796
3.400 0.000000 1.400000 1.500000 1.570796
3.420 0.000000 1.420000 1.500000 1.570796
3.440 0.000000 1.440000 1.500000 1.570796
3.460 0.000000 1.460000 1.500000 1.570796
3.480 0.000000 1.480000 1.500000 1.570796
3.500 0.000000 1.500000 1.500000 1.570796
3.520 0.000000 1.520000 1.500000 1.570796
3.540 0.000000 1.540000 1.500000 1.570796
3.560 0.000000 1.560000 1.500000 1.570796
3.580 0.000000 1.580000 1.500000 1.570796
3.600 0.000000 1.600000 1.500000 1.570796
3.620 0.000000 1.620000 1.500000 1.570796
3.640 0.000000 1.640000 1.500000 1.570796
3.660 0.000000 1.660000 1.500000 1.570796
3.680 0.000000 1.680000 1.500000 1.570796
3.700 0.000000 1.700000 1.500000 1.570796
3.720 0.000000 1.720000 1.500000 1.570796
3.740 0.000000 1.740000 1.500000 1.570796
3.760 0.000000 1.760000 1.500000 1.570796
3.780 0.000000 1.780000 1.500000 1.570796
3.800 0.000000 1.800000 1.500000 1.570796
3.820 0.000000 1.820000 1.500000 1.570796
3.840 0.000000 1.840000 1.500000 1.570796
3.860 0.000000 1.860000 1.500000 1.570796
3.880 0.000000 1.880000 1.500000 1.570796
3.900 0.000000 1.900000 1.500000 1.570796
3.920 0.000000 1.920000 1.500000 1.570796
3.940 0.000000 1.940000 1.500000 1.570796
3.960 0.000000 1.960000 1.500000 1.570796
3.980 0.000000 1.980000 1.500000 1.570796
4.000 0.000000 2.000000 1.500000 1.570796
4.020 0.000000 2.020000 1.500000 1.570796
4.040 0.000000 2.040000 1.500000 1.570796
4.060 0.000000 2.060000 1.500000 1.570796
4.080 0.000000 2.080000 1.500000 1.570796
4.100 0.000000 2.100000 1.500000 1.570796
4.120 0.000000 2.120000 1.500000 1.570796
4.140 0.000000 2.140000 1.500000 1.570796
4.160 0.000000 2.160000 1.500000 1.570796
4.180 0.000000 2.180000 1.500000 1.570796
4.200 0.000000 2.200000 1.500000 1.570796
4.220 0.000000 2.220000 1.500000 1.570796
4.240 0.000000 2.240000 1.500000 1.570796
4.260 0.000000 2.260000 1.500000 1.570796
4.280 0.000000 2.280000 1.500000 1.570796
4.300 0.000000 2.300000 1.500000 1.570796
4.320 0.000000 2.320000 1.500000 1.570796
4.340 0.000000 2.340000 1.500000 1.570796
4.360 0.000000 2.360000 1.500000 1.570796
4.380 0.000000 2.380000 1.500000 1.570796
4.400 0.000000 2.400000 1.500000 1.570796
4.420 0.000000 2.420000 1.500000 1.570796
4.440 0.000000 2.440000 1.500000 1.570796
4.460 0.000000 2.460000 1.500000 1.570796
4.480 0.000000 2.480000 1.500000 1.570796
4.500 0.000000 2.500000 1.500000 1.570796
4.520 0.000000 2.520000 1.500000 1.570796
4.540 0.000000 2.540000 1.500000 1.570796
4.560 0.000000 2.560000 1.500000 1.570796
4.580 0.000000 2.580000 1.500000 1.570796
4.600 0.000000 2.600000 1.500000 1.570796
4.620 0.000000 2.620000 1.500000 1.570796
4.640 0.000000 2.640000 1.500000 1.570796
4.660 0.000000 2.660000 1.500000 1.570796
4.680 0.000000 2.680000 1.500000 1.570796
4.700 0.000000 2.700000 1.500000 1.570796
4.720 0.000000 2.720000 1.500000 1.570796
4.740 0.000000 2.740000 1.500000 1.570796
4.760 0.000000 2.760000 1.500000 1.570796
4.780 0.000000 2.780000 1.500000 1.570796
4.800 0.000000 2.800000 1.500000 1.570796
4.820 0.000000 2.820000 1.500000 1.570796
4.840 0.000000 2.840000 1.500000 1.570796
4.860 0.000000 2.860000 1.500000 1.570796
4.880 0.000000 2.880000 1.500000 1.570796
4.900 0.000000 2.900000 1.500000 1.570796
4.920 0.000000 2.920000 1.500000 1.570796
4.940 0.000000 2.940000 1.500000 1.570796
4.960 0.000000 2.960000 1.500000 1.570796
4.980 0.000000 2.980000 1.500000 1.570796
5.000 0.000000 3.000000 1.500000 1.570796
5.020 0.000000 3.020000 1.500000 1.570796
5.040 0.000000 3.040000 1.500000 1.570796
5.060 0.000000 3.060000 1.500000 1.570796
5.080 0.000000 3.080000 1.500000 1.570796
5.100 0.000000 3.100000 1.500000 1.570796
5.120 0.000000 3.120000 1.500000 1.570796
5.140 0.000000 3.140000 1.500000 1.570796
5.160 0.000000 3.160000 1.500000 1.570796
5.180 0.000000 3.180000 1.500000 1.570796
5.200 0.000000 3.200000 1.500000 1.570796
5.220 0.000000 3.220000 1.500000 1.570796
5.240 0.000000 3.240000 1.500000 1.570796
5.260 0.000000 3.260000 1.500000 1.570796
5.280 0.000000 3.280000 1.500000 1.570796
5.300 0.000000 3.300000 1.500000 1.570796
5.320 0.000000 3.320000 1.500000 1.570796
5.340 0.000000 3.340000 1.500000 1.570796
5.360 0.000000 3.360000 1.500000 1.570796
5.380 0.000000 3.380000 1.500000 1.570796
5.400 0.000000 3.400000 1.500000 1.570796
5.420 0.000000 3.420000 1.500000 1.570796
5.440 0.000000 3.440000 1.500000 1.570796
5.460 0.000000 3.460000 1.500000 1.570796
5.480 0.000000 3.480000 1.500000 1.570796
5.500 0.000000 3.500000 1.500000 1.570796
5.520 0.000000 3.520000 1.500000 1.570796
5.540 0.000000 3.540000 1.500000 1.570796
5.560 0.000000 3.560000 1.500000 1.570796
5.580 0.000000 3.580000 1.500000 1.570796
5.600 0.000000 3.600000 1.500000 1.570796
5.620 0.000000 3.620000 1.500000 1.570796
5.640 0.000000 3.640000 1.500000 1.570796
5.660 0.000000 3.660000 1.500000 1.570796
5.680 0.000000 3.680000 1.500000 1.570796
5.700 0.000000 3.700000 1.500000 1.570796
5.720 0.000000 3.720000 1.500000 1.570796
5.740 0.000000 3.740000 1.500000 1.570796
5.760 0.000000 3.760000 1.500000 1.570796
5.780 0.000000 3.780000 1.500000 1.570796
5.800 0.000000 3.800000 1.500000 1.570796
5.820 0.000000 3.820000 1.500000 1.570796
5.840 0.000000 3.840000 1.500000 1.570796
5.860 0.000000 3.860000 1.500000 1.570796
5.880 0.000000 3.880000 1.500000 1.570796
5.900 0.000000 3.900000 1.500000 1.570796
5.920 0.000000 3.920000 1.500000 1.570796
5.940 0.000000 3.940000 1.500000 1.570796
5.960 0.000000 3.960000 1.500000 1.570796
5.980 0.000000 3.980000 1.500000 1.570796
6.000 0.000000 4.000000 1.500000 1.570796
6.020 0.000000 4.000000 1.500000 1.507964
6.040 0.000000 4.000000 1.500000 1.445133
6.060 0.000000 4.000000 1.500000 1.382301
6.080 0.000000 4.000000 1.500000 1.319469
6.100 0.000000 4.000000 1.500000 1.256637
6.120 0.000000 4.000000 1.500000 1.193805
6.140 0.000000 4.000000 1.500000 1.130973
6.160 0.000000 4.000000 1.500000 1.068142
6.180 0.000000 4.000000 1.500000 1.005310
6.200 0.000000 4.000000 1.500000 0.942478
6.220 0.000000 4.000000 1.500000 0.879646
6.240 0.000000 4.000000 1.500000 0.816814
6.260 0.000000 4.000000 1.500000 0.753982
6.280 0.000000 4.000000 1.500000 0.691150
6.300 0.000000 4.000000 1.500000 0.628319
6.320 0.000000 4.000000 1.500000 0.565487
6.340 0.000000 4.000000 1.500000 0.502655
6.360 0.000000 4.000000 1.500000 0.439823
6.380 0.000000 4.000000 1.500000 0.376991
6.400 0.000000 4.000000 1.500000 0.314159
6.420 0.000000 4.000000 1.500000 0.251327
6.440 0.000000 4.000000 1.500000 0.188496
6.460 0.000000 4.000000 1.500000 0.125664
6.480 0.000000 4.000000 1.500000 0.062832
6.500 0.000000 4.000000 1.500000 0.000000
6.520 0.020000 4.000000 1.500000 0.000000
6.540 0.040000 4.000000 1.500000 0.000000
6.560 0.060000 4.000000 1.500000 0.000000
6.580 0.080000 4.000000 1.500000 0.000000
6.600 0.100000 4.000000 1.500000 0.000000
6.620 0.120000 4.000000 1.500000 0.000000
6.640 0.140000 4.000000 1.500000 0.000000
6.660 0.160000 4.000000 1.500000 0.000000
6.680 0.180000 4.000000 1.500000 0.000000
6.700 0.200000 4.000000 1.500000 0.000000
6.720 0.220000 4.000000 1.500000 0.000000
6.740 0.240000 4.000000 1.500000 0.000000
6.760 0.260000 4.000000 1.500000 0.000000
6.780 0.280000 4.000000 1.500000 0.000000
6.800 0.300000 4.000000 1.500000 0.000000
6.820 0.320000 4.000000 1.500000 0.000000
6.840 0.340000 4.000000 1.500000 0.000000
6.860 0.360000 4.000000 1.500000 0.000000
6.880 0.380000 4.000000 1.500000 0.000000
6.900 0.400000 4.000000 1.500000 0.000000
6.920 0.420000 4.000000 1.500000 0.000000
6.940 0.440000 4.000000 1.500000 0.000000
6.960 0.460000 4.000000 1.500000 0.000000
6.980 0.480000 4.000000 1.500000 0.000000
7.000 0.500000 4.000000 1.500000 0.000000
7.020 0.520000 4.000000 1.500000 0.000000
7.040 0.540000 4.000000 1.500000 0.000000
7.060 0.560000 4.000000 1.500000 0.000000
7.080 0.580000 4.000000 1.500000 0.000000
7.100 0.600000 4.000000 1.500000 0.000000
7.120 0.620000 4.000000 1.500000 0.000000
7.140 0.640000 4.000000 1.500000 0.000000
7.160 0.660000 4.000000 1.500000 0.000000
7.180 0.680000 4.000000 1.500000 0.000000
7.200 0.700000 4.000000 1.500000 0.000000
7.220 0.720000 4.000000 1.500000 0.000000
7.240 0.740000 4.000000 1.500000 0.000000
7.260 0.760000 4.000000 1.500000 0.000000
7.280 0.780000 4.000000 1.500000 0.000000
7.300 0.800000 4.000000 1.500000 0.000000
7.320 0.820000 4.000000 1.500000 0.000000
7.340 0.840000 4.000000 1.500000 0.000000
7.360 0.860000 4.000000 1.500000 0.000000
7.380 0.880000 4.000000 1.500000 0.000000
7.400 0.900000 4.000000 1.500000 0.000000
7.420 0.920000 4.000000 1.500000 0.000000
7.440 0.940000 4.000000 1.500000 0.000000
7.460 0.960000 4.000000 1.500000 0.000000
7.480 0.980000 4.000000 1.500000 0.000000
7.500 1.000000 4.000000 1.500000 0.000000
7.520 1.020000 4.000000 1.500000 0.000000
7.540 1.040000 4.000000 1.500000 0.000000
7.560 1.060000 4.000000 1.500000 0.000000
7.580 1.080000 4.000000 1.500000 0.000000
7.600 1.100000 4.000000 1.500000 0.000000
7.620 1.120000 4.000000 1.500000 0.000000
7.640 1.140000 4.000000 1.500000 0.000000
7.660 1.160000 4.000000 1.500000 0.000000
7.680 1.180000 4.000000 1.500000 0.000000
7.700 1.200000 4.000000 1.500000 0.000000
7.720 1.220000 4.000000 1.500000 0.000000
7.740 1.240000 4.000000 1.500000 0.000000
7.760 1.260000 4.000000 1.500000 0.000000
7.780 1.280000 4.000000 1.500000 0.000000
7.800 1.300000 4.000000 1.500000 0.000000
7.820 1.320000 4.000000 1.500000 0.000000
7.840 1.340000 4.000000 1.500000 0.000000
7.860 1.360000 4.000000 1.500000 0.000000
7.880 1.380000 4.000000 1.500000 0.000000
7.900 1.400000 4.000000 1.500000 0.000000
7.920 1.420000 4.000000 1.500000 0.000000
7.940 1.440000 4.000000 1.500000 0.000000
7.960 1.460000 4.000000 1.500000 0.000000
7.980 1.480000 4.000000 1.500000 0.000000
8.000 1.500000 4.000000 1.500000 0.000000
8.020 1.520000 4.000000 1.500000 0.000000
8.040 1.540000 4.000000 1.500000 0.000000
8.060 1.560000 4.000000 1.500000 0.000000
8.080 1.580000 4.000000 1.500000 0.000000
8.100 1.600000 4.000000 1.500000 0.000000
8.120 1.620000 4.000000 1.500000 0.000000
8.140 1.640000 4.000000 1.500000 0.000000
8.160 1.660000 4.000000 1.500000 0.000000
8.180 1.680000 4.000000 1.500000 0.000000
8.200 1.700000 4.000000 1.500000 0.000000
8.220 1.720000 4.000000 1.500000 0.000000
8.240 1.740000 4.000000 1.500000 0.000000
8.260 1.760000 4.000000 1.500000 0.000000
8.280 1.780000 4.000000 1.500000 0.000000
8.300 1.800000 4.000000 1.500000 0.000000
8.320 1.820000 4.000000 1.500000 0.000000
8.340 1.840000 4.000000 1.500000 0.000000
8.360 1.860000 4.000000 1.500000 0.000000
8.380 1.880000 4.000000 1.500000 0.000000
8.400 1.900000 4.000000 1.500000 0.000000
8.420 1.920000 4.000000 1.500000 0.000000
8.440 1.940000 4.000000 1.500000 0.000000
8.460 1.960000 4.000000 1.500000 0.000000
8.480 1.980000 4.000000 1.500000 0.000000
8.500 2.000000 4.000000 1.500000 0.000000
8.520 2.020000 4.000000 1.500000 0.000000
8.540 2.040000 4.000000 1.500000 0.000000
8.560 2.060000 4.000000 1.500000 0.000000
8.580 2.080000 4.000000 1.500000 0.000000
8.600 2.100000 4.000000 1.500000 0.000000
8.620 2.120000 4.000000 1.500000 0.000000
8.640 2.140000 4.000000 1.500000 0.000000
8.660 2.160000 4.000000 1.500000 0.000000
8.680 2.180000 4.000000 1.500000 0.000000
8.700 2.200000 4.000000 1.500000 0.000000
8.720 2.220000 4.000000 1.500000 0.000000
8.740 2.240000 4.000000 1.500000 0.000000
8.760 2.260000 4.000000 1.500000 0.000000
8.780 2.280000 4.000000 1.500000 0.000000
8.800 2.300000 4.000000 1.500000 0.000000
8.820 2.320000 4.000000 1.500000 0.000000
8.840 2.340000 4.000000 1.500000 0.000000
8.860 2.360000 4.000000 1.500000 0.000000
8.880 2.380000 4.000000 1.500000 0.000000
8.900 2.400000 4.000000 1.500000 0.000000
8.920 2.420000 4.000000 1.500000 0.000000
8.940 2.440000 4.000000 1.500000 0.000000
8.960 2.460000 4.000000 1.500000 0.000000
8.980 2.480000 4.000000 1.500000 0.000000
9.000 2.500000 4.000000 1.500000 0.000000
9.020 2.520000 4.000000 1.500000 0.000000
9.040 2.540000 4.000000 1.500000 0.000000
9.060 2.560000 4.000000 1.500000 0.000000
9.080 2.580000 4.000000 1.500000 0.000000
9.100 2.600000 4.000000 1.500000 0.000000
9.120 2.620000 4.000000 1.500000 0.000000
9.140 2.640000 4.000000 1.500000 0.000000
9.160 2.660000 4.000000 1.500000 0.000000
9.180 2.680000 4.000000 1.500000 0.000000
9.200 2.700000 4.000000 1.500000 0.000000
9.220 2.720000 4.000000 1.500000 0.000000
9.240 2.740000 4.000000 1.500000 0.000000
9.260 2.760000 4.000000 1.500000 0.000000
9.280 2.780000 4.000000 1.500000 0.000000
9.300 2.800000 4.000000 1.500000 0.000000
9.320 2.820000 4.000000 1.500000 0.000000
9.340 2.840000 4.000000 1.500000 0.000000
9.360 2.860000 4.000000 1.500000 0.000000
9.380 2.880000 4.000000 1.500000 0.000000
9.400 2.900000 4.000000 1.500000 0.000000
9.420 2.920000 4.000000 1.500000 0.000000
9.440 2.940000 4.000000 1.500000 0.000000
9.460 2.960000 4.000000 1.500000 0.000000
9.480 2.980000 4.000000 1.500000 0.000000
9.500 3.000000 4.000000 1.500000 0.000000
9.520 3.020000 4.000000 1.500000 0.000000
9.540 3.040000 4.000000 1.500000 0.000000
9.560 3.060000 4.000000 1.500000 0.000000
9.580 3.080000 4.000000 1.500000 0.000000
9.600 3.100000 4.000000 1.500000 0.000000
9.620 3.120000 4.000000 1.500000 0.000000
9.640 3.140000 4.000000 1.500000 0.000000
9.660 3.160000 4.000000 1.500000 0.000000
9.680 3.180000 4.000000 1.500000 0.000000
9.700 3.200000 4.000000 1.500000 0.000000
9.720 3.220000 4.000000 1.500000 0.000000
9.740 3.240000 4.000000 1.500000 0.000000
9.760 3.260000 4.000000 1.500000 0.000000
9.780 3.280000 4.000000 1.500000 0.000000
9.800 3.300000 4.000000 1.500000 0.000000
9.820 3.320000 4.000000 1.500000 0.000000
9.840 3.340000 4.000000 1.500000 0.000000
9.860 3.360000 4.000000 1.500000 0.000000
9.880 3.380000 4.000000 1.500000 0.000000
9.900 3.400000 4.000000 1.500000 0.000000
9.920 3.420000 4.000000 1.500000 0.000000
9.940 3.440000 4.000000 1.500000 0.000000
9.960 3.460000 4.000000 1.500000 0.000000
9.980 3.480000 4.000000 1.500000 0.000000
10.000 3.500000 4.000000 1.500000 0.000000
10.020 3.520000 4.000000 1.500000 0.000000
10.040 3.540000 4.000000 1.500000 0.000000
10.060 3.560000 4.000000 1.500000 0.000000
10.080 3.580000 4.000000 1.500000 0.000000
10.100 3.600000 4.000000 1.500000 0.000000
10.120 3.620000 4.000000 1.500000 0.000000
10.140 3.640000 4.000000 1.500000 0.000000
10.160 3.660000 4.000000 1.500000 0.000000
10.180 3.680000 4.000000 1.500000 0.000000
10.200 3.700000 4.000000 1.500000 0.000000
10.220 3.720000 4.000000 1.500000 0.000000
10.240 3.740000 4.000000 1.500000 0.000000
10.260 3.760000 4.000000 1.500000 0.000000
10.280 3.780000 4.000000 1.500000 0.000000
10.300 3.800000 4.000000 1.500000 0.000000
10.320 3.820000 4.000000 1.500000 0.000000
10.340 3.840000 4.000000 1.500000 0.000000
10.360 3.860000 4.000000 1.500000 0.000000
10.380 3.880000 4.000000 1.500000 0.000000
10.400 3.900000 4.000000 1.500000 0.000000
10.420 3.920000 4.000000 1.500000 0.000000
10.440 3.940000 4.000000 1.500000 0.000000
10.460 3.960000 4.000000 1.500000 0.000000
10.480 3.980000 4.000000 1.500000 0.000000
10.500 4.000000 4.000000 1.500000 0.000000
10.520 4.020000 4.000000 1.500000 0.000000
10.540 4.040000 4.000000 1.500000 0.000000
10.560 4.060000 4.000000 1.500000 0.000000
10.580 4.080000 4.000000 1.500000 0.000000
10.600 4.100000 4.000000 1.500000 0.000000
10.620 4.120000 4.000000 1.500000 0.000000
10.640 4.140000 4.000000 1.500000 0.000000
10.660 4.160000 4.000000 1.500000 0.000000
10.680 4.180000 4.000000 1.500000 0.000000
10.700 4.200000 4.000000 1.500000 0.000000
10.720 4.220000 4.000000 1.500000 0.000000
10.740 4.240000 4.000000 1.500000 0.000000
10.760 4.260000 4.000000 1.500000 0.000000
10.780 4.280000 4.000000 1.500000 0.000000
10.800 4.300000 4.000000 1.500000 0.000000
10.820 4.320000 4.000000 1.500000 0.000000
10.840 4.340000 4.000000 1.500000 0.000000
10.860 4.360000 4.000000 1.500000 0.000000
10.880 4.380000 4.000000 1.500000 0.000000
10.900 4.400000 4.000000 1.500000 0.000000
10.920 4.420000 4.000000 1.500000 0.000000
10.940 4.440000 4.000000 1.500000 0.000000
10.960 4.460000 4.000000 1.500000 0.000000
10.980 4.480000 4.000000 1.500000 0.000000
11.000 4.500000 4.000000 1.500000 0.000000
11.020 4.520000 4.000000 1.500000 0.000000
11.040 4.540000 4.000000 1.500000 0.000000
11.060 4.560000 4.000000 1.500000 0.000000
11.080 4.580000 4.000000 1.500000 0.000000
11.100 4.600000 4.000000 1.500000 0.000000
11.120 4.620000 4.000000 1.500000 0.000000
11.140 4.640000 4.000000 1.500000 0.000000
11.160 4.660000 4.000000 1.500000 0.000000
11.180 4.680000 4.000000 1.500000 0.000000
11.200 4.700000 4.000000 1.500000 0.000000
11.220 4.720000 4.000000 1.500000 0.000000
11.240 4.740000 4.000000 1.500000 0.000000
11.260 4.760000 4.000000 1.500000 0.000000
11.280 4.780000 4.000000 1.500000 0.000000
11.300 4.800000 4.000000 1.500000 0.000000
11.320 4.820000 4.000000 1.500000 0.000000
11.340 4.840000 4.000000 1.500000 0.000000
11.360 4.860000 4.000000 1.500000 0.000000
11.380 4.880000 4.000000 1.500000 0.000000
11.400 4.900000 4.000000 1.500000 0.000000
11.420 4.920000 4.000000 1.500000 0.000000
11.440 4.940000 4.000000 1.500000 0.000000
11.460 4.960000 4.000000 1.500000 0.000000
11.480 4.980000 4.000000 1.500000 0.000000
11.500 5.000000 4.000000 1.500000 0.000000
11.520 5.020000 4.000000 1.500000 0.000000
11.540 5.040000 4.000000 1.500000 0.000000
11.560 5.060000 4.000000 1.500000 0.000000
11.580 5.080000 4.000000 1.500000 0.000000
11.600 5.100000 4.000000 1.500000 0.000000
11.620 5.120000 4.000000 1.500000 0.000000
11.640 5.140000 4.000000 1.500000 0.000000
11.660 5.160000 4.000000 1.500000 0.000000
11.680 5.180000 4.000000 1.500000 0.000000
11.700 5.200000 4.000000 1.500000 0.000000
11.720 5.220000 4.000000 1.500000 0.000000
11.740 5.240000 4.000000 1.500000 0.000000
11.760 5.260000 4.000000 1.500000 0.000000
11.780 5.280000 4.000000 1.500000 0.000000
11.800 5.300000 4.000000 1.500000 0.000000
11.820 5.320000 4.000000 1.500000 0.000000
11.840 5.340000 4.000000 1.500000 0.000000
11.860 5.360000 4.000000 1.500000 0.000000
11.880 5.380000 4.000000 1.500000 0.000000
11.900 5.400000 4.000000 1.500000 0.000000
11.920 5.420000 4.000000 1.500000 0.000000
11.940 5.440000 4.000000 1.500000 0.000000
11.960 5.460000 4.000000 1.500000 0.000000
11.980 5.480000 4.000000 1.500000 0.000000
12.000 5.500000 4.000000 1.500000 0.000000
12.020 5.520000 4.000000 1.500000 0.000000
12.040 5.540000 4.000000 1.500000 0.000000
12.060 5.560000 4.000000 1.500000 0.000000
12.080 5.580000 4.000000 1.500000 0.000000
12.100 5.600000 4.000000 1.500000 0.000000
12.120 5.620000 4.000000 1.500000 0.000000
12.140 5.640000 4.000000 1.500000 0.000000
12.160 5.660000 4.000000 1.500000 0.000000
12.180 5.680000 4.000000 1.500000 0.000000
12.200 5.700000 4.000000 1.500000 0.000000
12.220 5.720000 4.000000 1.500000 0.000000
12.240 5.740000 4.000000 1.500000 0.000000
12.260 5.760000 4.000000 1.500000 0.000000
12.280 5.780000 4.000000 1.500000 0.000000
12.300 5.800000 4.000000 1.500000 0.000000
12.320 5.820000 4.000000 1.500000 0.000000
12.340 5.840000 4.000000 1.500000 0.000000
12.360 5.860000 4.000000 1.500000 0.000000
12.380 5.880000 4.000000 1.500000 0.000000
12.400 5.900000 4.000000 1.500000 0.000000
12.420 5.920000 4.000000 1.500000 0.000000
12.440 5.940000 4.000000 1.500000 0.000000
12.460 5.960000 4.000000 1.500000 0.000000
12.480 5.980000 4.000000 1.500000 0.000000
12.500 6.000000 4.000000 1.500000 0.000000
12.520 6.000000 4.000000 1.500000 -0.062832
12.540 6.000000 4.000000 1.500000 -0.125664
12.560 6.000000 4.000000 1.500000 -0.188496
12.580 6.000000 4.000000 1.500000 -0.251327
12.600 6.000000 4.000000 1.500000 -0.314159
12.620 6.000000 4.000000 1.500000 -0.376991
12.640 6.000000 4.000000 1.500000 -0.439823
12.660 6.000000 4.000000 1.500000 -0.502655
12.680 6.000000 4.000000 1.500000 -0.565487
12.700 6.000000 4.000000 1.500000 -0.628319
12.720 6.000000 4.000000 1.500000 -0.691150
12.740 6.000000 4.000000 1.500000 -0.753982
12.760 6.000000 4.000000 1.500000 -0.816814
12.780 6.000000 4.000000 1.500000 -0.879646
12.800 6.000000 4.000000 1.500000 -0.942478
12.820 6.000000 4.000000 1.500000 -1.005310
12.840 6.000000 4.000000 1.500000 -1.068142
12.860 6.000000 4.000000 1.500000 -1.130973
12.880 6.000000 4.000000 1.500000 -1.193805
12.900 6.000000 4.000000 1.500000 -1.256637
12.920 6.000000 4.000000 1.500000 -1.319469
12.940 6.000000 4.000000 1.500000 -1.382301
12.960 6.000000 4.000000 1.500000 -1.445133
12.980 6.000000 4.000000 1.500000 -1.507964
13.000 6.000000 4.000000 1.500000 -1.570796
13.020 6.000000 3.980000 1.500000 -1.570796
13.040 6.000000 3.960000 1.500000 -1.570796
13.060 6.000000 3.940000 1.500000 -1.570796
13.080 6.000000 3.920000 1.500000 -1.570796
13.100 6.000000 3.900000 1.500000 -1.570796
13.120 6.000000 3.880000 1.500000 -1.570796
13.140 6.000000 3.860000 1.500000 -1.570796
13.160 6.000000 3.840000 1.500000 -1.570796
13.180 6.000000 3.820000 1.500000 -1.570796
13.200 6.000000 3.800000 1.500000 -1.570796
13.220 6.000000 3.780000 1.500000 -1.570796
13.240 6.000000 3.760000 1.500000 -1.570796
13.260 6.000000 3.740000 1.500000 -1.570796
13.280 6.000000 3.720000 1.500000 -1.570796
13.300 6.000000 3.700000 1.500000 -1.570796
13.320 6.000000 3.680000 1.500000 -1.570796
13.340 6.000000 3.660000 1.500000 -1.570796
13.360 6.000000 3.640000 1.500000 -1.570796
13.380 6.000000 3.620000 1.500000 -1.570796
13.400 6.000000 3.600000 1.500000 -1.570796
13.420 6.000000 3.580000 1.500000 -1.570796
13.440 6.000000 3.560000 1.500000 -1.570796
13.460 6.000000 3.540000 1.500000 -1.570796
13.480 6.000000 3.520000 1.500000 -1.570796
13.500 6.000000 3.500000 1.500000 -1.570796
13.520 6.000000 3.480000 1.500000 -1.570796
13.540 6.000000 3.460000 1.500000 -1.570796
13.560 6.000000 3.440000 1.500000 -1.570796
13.580 6.000000 3.420000 1.500000 -1.570796
13.600 6.000000 3.400000 1.500000 -1.570796
13.620 6.000000 3.380000 1.500000 -1.570796
13.640 6.000000 3.360000 1.500000 -1.570796
13.660 6.000000 3.340000 1.500000 -1.570796
13.680 6.000000 3.320000 1.500000 -1.570796
13.700 6.000000 3.300000 1.500000 -1.570796
13.720 6.000000 3.280000 1.500000 -1.570796
13.740 6.000000 3.260000 1.500000 -1.570796
13.760 6.000000 3.240000 1.500000 -1.570796
13.780 6.000000 3.220000 1.500000 -1.570796
13.800 6.000000 3.200000 1.500000 -1.570796
13.820 6.000000 3.180000 1.500000 -1.570796
13.840 6.000000 3.160000 1.500000 -1.570796
13.860 6.000000 3.140000 1.500000 -1.570796
13.880 6.000000 3.120000 1.500000 -1.570796
13.900 6.000000 3.100000 1.500000 -1.570796
13.920 6.000000 3.080000 1.500000 -1.570796
13.940 6.000000 3.060000 1.500000 -1.570796
13.960 6.000000 3.040000 1.500000 -1.570796
13.980 6.000000 3.020000 1.500000 -1.570796
14.000 6.000000 3.000000 1.500000 -1.570796
14.020 6.000000 2.980000 1.500000 -1.570796
14.040 6.000000 2.960000 1.500000 -1.570796
14.060 6.000000 2.940000 1.500000 -1.570796
14.080 6.000000 2.920000 1.500000 -1.570796
14.100 6.000000 2.900000 1.500000 -1.570796
14.120 6.000000 2.880000 1.500000 -1.570796
14.140 6.000000 2.860000 1.500000 -1.570796
14.160 6.000000 2.840000 1.500000 -1.570796
14.180 6.000000 2.820000 1.500000 -1.570796
14.200 6.000000 2.800000 1.500000 -1.570796
14.220 6.000000 2.780000 1.500000 -1.570796
14.240 6.000000 2.760000 1.500000 -1.570796
14.260 6.000000 2.740000 1.500000 -1.570796
14.280 6.000000 2.720000 1.500000 -1.570796
14.300 6.000000 2.700000 1.500000 -1.570796
14.320 6.000000 2.680000 1.500000 -1.570796
14.340 6.000000 2.660000 1.500000 -1.570796
14.360 6.000000 2.640000 1.500000 -1.570796
14.380 6.000000 2.620000 1.500000 -1.570796
14.400 6.000000 2.600000 1.500000 -1.570796
14.420 6.000000 2.580000 1.500000 -1.570796
14.440 6.000000 2.560000 1.500000 -1.570796
14.460 6.000000 2.540000 1.500000 -1.570796
14.480 6.000000 2.520000 1.500000 -1.570796
14.500 6.000000 2.500000 1.500000 -1.570796
14.520 6.000000 2.480000 1.500000 -1.570796
14.540 6.000000 2.460000 1.500000 -1.570796
14.560 6.000000 2.440000 1.500000 -1.570796
14.580 6.000000 2.420000 1.500000 -1.570796
14.600 6.000000 2.400000 1.500000 -1.570796
14.620 6.000000 2.380000 1.500000 -1.570796
14.640 6.000000 2.360000 1.500000 -1.570796
14.660 6.000000 2.340000 1.500000 -1.570796
14.680 6.000000 2.320000 1.500000 -1.570796
14.700 6.000000 2.300000 1.500000 -1.570796
14.720 6.000000 2.280000 1.500000 -1.570796
14.740 6.000000 2.260000 1.500000 -1.570796
14.760 6.000000 2.240000 1.500000 -1.570796
14.780 6.000000 2.220000 1.500000 -1.570796
14.800 6.000000 2.200000 1.500000 -1.570796
14.820 6.000000 2.180000 1.500000 -1.570796
14.840 6.000000 2.160000 1.500000 -1.570796
14.860 6.000000 2.140000 1.500000 -1.570796
14.880 6.000000 2.120000 1.500000 -1.570796
14.900 6.000000 2.100000 1.500000 -1.570796
14.920 6.000000 2.080000 1.500000 -1.570796
14.940 6.000000 2.060000 1.500000 -1.570796
14.960 6.000000 2.040000 1.500000 -1.570796
14.980 6.000000 2.020000 1.500000 -1.570796
15.000 6.000000 2.000000 1.500000 -1.570796
15.020 6.000000 1.980000 1.500000 -1.570796
15.040 6.000000 1.960000 1.500000 -1.570796
15.060 6.000000 1.940000 1.500000 -1.570796
15.080 6.000000 1.920000 1.500000 -1.570796
15.100 6.000000 1.900000 1.500000 -1.570796
15.120 6.000000 1.880000 1.500000 -1.570796
15.140 6.000000 1.860000 1.500000 -1.570796
15.160 6.000000 1.840000 1.500000 -1.570796
15.180 6.000000 1.820000 1.500000 -1.570796
15.200 6.000000 1.800000 1.500000 -1.570796
15.220 6.000000 1.780000 1.500000 -1.570796
15.240 6.000000 1.760000 1.500000 -1.570796
15.260 6.000000 1.740000 1.500000 -1.570796
15.280 6.000000 1.720000 1.500000 -1.570796
15.300 6.000000 1.700000 1.500000 -1.570796
15.320 6.000000 1.680000 1.500000 -1.570796
15.340 6.000000 1.660000 1.500000 -1.570796
15.360 6.000000 1.640000 1.500000 -1.570796
15.380 6.000000 1.620000 1.500000 -1.570796
15.400 6.000000 1.600000 1.500000 -1.570796
15.420 6.000000 1.580000 1.500000 -1.570796
15.440 6.000000 1.560000 1.500000 -1.570796
15.460 6.000000 1.540000 1.500000 -1.570796
15.480 6.000000 1.520000 1.500000 -1.570796
15.500 6.000000 1.500000 1.500000 -1.570796
15.520 6.000000 1.480000 1.500000 -1.570796
15.540 6.000000 1.460000 1.500000 -1.570796
15.560 6.000000 1.440000 1.500000 -1.570796
15.580 6.000000 1.420000 1.500000 -1.570796
15.600 6.000000 1.400000 1.500000 -1.570796
15.620 6.000000 1.380000 1.500000 -1.570796
15.640 6.000000 1.360000 1.500000 -1.570796
15.660 6.000000 1.340000 1.500000 -1.570796
15.680 6.000000 1.320000 1.500000 -1.570796
15.700 6.000000 1.300000 1.500000 -1.570796
15.720 6.000000 1.280000 1.500000 -1.570796
15.740 6.000000 1.260000 1.500000 -1.570796
15.760 6.000000 1.240000 1.500000 -1.570796
15.780 6.000000 1.220000 1.500000 -1.570796
15.800 6.000000 1.200000 1.500000 -1.570796
15.820 6.000000 1.180000 1.500000 -1.570796
15.840 6.000000 1.160000 1.500000 -1.570796
15.860 6.000000 1.140000 1.500000 -1.570796
15.880 6.000000 1.120000 1.500000 -1.570796
15.900 6.000000 1.100000 1.500000 -1.570796
15.920 6.000000 1.080000 1.500000 -1.570796
15.940 6.000000 1.060000 1.500000 -1.570796
15.960 6.000000 1.040000 1.500000 -1.570796
15.980 6.000000 1.020000 1.500000 -1.570796
16.000 6.000000 1.000000 1.500000 -1.570796
16.020 6.000000 0.980000 1.500000 -1.570796
16.040 6.000000 0.960000 1.500000 -1.570796
16.060 6.000000 0.940000 1.500000 -1.570796
16.080 6.000000 0.920000 1.500000 -1.570796
16.100 6.000000 0.900000 1.500000 -1.570796
16.120 6.000000 0.880000 1.500000 -1.570796
16.140 6.000000 0.860000 1.500000 -1.570796
16.160 6.000000 0.840000 1.500000 -1.570796
16.180 6.000000 0.820000 1.500000 -1.570796
16.200 6.000000 0.800000 1.500000 -1.570796
16.220 6.000000 0.780000 1.500000 -1.570796
16.240 6.000000 0.760000 1.500000 -1.570796
16.260 6.000000 0.740000 1.500000 -1.570796
16.280 6.000000 0.720000 1.500000 -1.570796
16.300 6.000000 0.700000 1.500000 -1.570796
16.320 6.000000 0.680000 1.500000 -1.570796
16.340 6.000000 0.660000 1.500000 -1.570796
16.360 6.000000 0.640000 1.500000 -1.570796
16.380 6.000000 0.620000 1.500000 -1.570796
16.400 6.000000 0.600000 1.500000 -1.570796
16.420 6.000000 0.580000 1.500000 -1.570796
16.440 6.000000 0.560000 1.500000 -1.570796
16.460 6.000000 0.540000 1.500000 -1.570796
16.480 6.000000 0.520000 1.500000 -1.570796
16.500 6.000000 0.500000 1.500000 -1.570796
16.520 6.000000 0.480000 1.500000 -1.570796
16.540 6.000000 0.460000 1.500000 -1.570796
16.560 6.000000 0.440000 1.500000 -1.570796
16.580 6.000000 0.420000 1.500000 -1.570796
16.600 6.000000 0.400000 1.500000 -1.570796
16.620 6.000000 0.380000 1.500000 -1.570796
16.640 6.000000 0.360000 1.500000 -1.570796
16.660 6.000000 0.340000 1.500000 -1.570796
16.680 6.000000 0.320000 1.500000 -1.570796
16.700 6.000000 0.300000 1.500000 -1.570796
16.720 6.000000 0.280000 1.500000 -1.570796
16.740 6.000000 0.260000 1.500000 -1.570796
16.760 6.000000 0.240000 1.500000 -1.570796
16.780 6.000000 0.220000 1.500000 -1.570796
16.800 6.000000 0.200000 1.500000 -1.570796
16.820 6.000000 0.180000 1.500000 -1.570796
16.840 6.000000 0.160000 1.500000 -1.570796
16.860 6.000000 0.140000 1.500000 -1.570796
16.880 6.000000 0.120000 1.500000 -1.570796
16.900 6.000000 0.100000 1.500000 -1.570796
16.920 6.000000 0.080000 1.500000 -1.570796
16.940 6.000000 0.060000 1.500000 -1.570796
16.960 6.000000 0.040000 1.500000 -1.570796
16.980 6.000000 0.020000 1.500000 -1.570796
17.000 6.000000 0.000000 1.500000 -1.570796
17.020 6.000000 0.000000 1.500000 -1.570796
17.040 6.000000 0.000000 1.500000 -1.570796
17.060 6.000000 0.000000 1.500000 -1.570796
17.080 6.000000 0.000000 1.500000 -1.570796
17.100 6.000000 0.000000 1.500000 -1.570796
17.120 6.000000 0.000000 1.500000 -1.570796
17.140 6.000000 0.000000 1.500000 -1.570796
17.160 6.000000 0.000000 1.500000 -1.570796
17.180 6.000000 0.000000 1.500000 -1.570796
17.200 6.000000 0.000000 1.500000 -1.570796
17.220 6.000000 0.000000 1.500000 -1.570796
17.240 6.000000 0.000000 1.500000 -1.570796
17.260 6.000000 0.000000 1.500000 -1.570796
17.280 6.000000 0.000000 1.500000 -1.570796
17.300 6.000000 0.000000 1.500000 -1.570796
17.320 6.000000 0.000000 1.500000 -1.570796
17.340 6.000000 0.000000 1.500000 -1.570796
17.360 6.000000 0.000000 1.500000 -1.570796
17.380 6.000000 0.000000 1.500000 -1.570796
17.400 6.000000 0.000000 1.500000 -1.570796
17.420 6.000000 0.000000 1.500000 -1.570796
17.440 6.000000 0.000000 1.500000 -1.570796
17.460 6.000000 0.000000 1.500000 -1.570796
17.480 6.000000 0.000000 1.500000 -1.570796
17.500 6.000000 0.000000 1.500000 -1.570796
17.520 6.000000 0.000000 1.500000 -1.570796
17.540 6.000000 0.000000 1.500000 -1.570796
17.560 6.000000 0.000000 1.500000 -1.570796
17.580 6.000000 0.000000 1.500000 -1.570796
17.600 6.000000 0.000000 1.500000 -1.570796
17.620 6.000000 0.000000 1.500000 -1.570796
17.640 6.000000 0.000000 1.500000 -1.570796
17.660 6.000000 0.000000 1.500000 -1.570796
17.680 6.000000 0.000000 1.500000 -1.570796
17.700 6.000000 0.000000 1.500000 -1.570796
17.720 6.000000 0.000000 1.500000 -1.570796
17.740 6.000000 0.000000 1.500000 -1.570796
17.760 6.000000 0.000000 1.500000 -1.570796
17.780 6.000000 0.000000 1.500000 -1.570796
17.800 6.000000 0.000000 1.500000 -1.570796
17.820 6.000000 0.000000 1.500000 -1.570796
17.840 6.000000 0.000000 1.500000 -1.570796
17.860 6.000000 0.000000 1.500000 -1.570796
17.880 6.000000 0.000000 1.500000 -1.570796
17.900 6.000000 0.000000 1.500000 -1.570796
17.920 6.000000 0.000000 1.500000 -1.570796
17.940 6.000000 0.000000 1.500000 -1.570796
17.960 6.000000 0.000000 1.500000 -1.570796
17.980 6.000000 0.000000 1.500000 -1.570796
18.000 6.000000 0.000000 1.500000 -1.570796
18.020 6.000000 0.000000 1.500000 -1.570796
18.040 6.000000 0.000000 1.500000 -1.570796
18.060 6.000000 0.000000 1.500000 -1.570796
18.080 6.000000 0.000000 1.500000 -1.570796
18.100 6.000000 0.000000 1.500000 -1.570796
18.120 6.000000 0.000000 1.500000 -1.570796
18.140 6.000000 0.000000 1.500000 -1.570796
18.160 6.000000 0.000000 1.500000 -1.570796
18.180 6.000000 0.000000 1.500000 -1.570796
18.200 6.000000 0.000000 1.500000 -1.570796
18.220 6.000000 0.000000 1.500000 -1.570796
18.240 6.000000 0.000000 1.500000 -1.570796
18.260 6.000000 0.000000 1.500000 -1.570796
18.280 6.000000 0.000000 1.500000 -1.570796
18.300 6.000000 0.000000 1.500000 -1.570796
18.320 6.000000 0.000000 1.500000 -1.570796
18.340 6.000000 0.000000 1.500000 -1.570796
18.360 6.000000 0.000000 1.500000 -1.570796
18.380 6.000000 0.000000 1.500000 -1.570796
18.400 6.000000 0.000000 1.500000 -1.570796
18.420 6.000000 0.000000 1.500000 -1.570796
18.440 6.000000 0.000000 1.500000 -1.570796
18.460 6.000000 0.000000 1.500000 -1.570796
18.480 6.000000 0.000000 1.500000 -1.570796
18.500 6.000000 0.000000 1.500000 -1.570796
18.520 6.000000 0.000000 1.500000 -1.570796
18.540 6.000000 0.000000 1.500000 -1.570796
18.560 6.000000 0.000000 1.500000 -1.570796
18.580 6.000000 0.000000 1.500000 -1.570796
18.600 6.000000 0.000000 1.500000 -1.570796
18.620 6.000000 0.000000 1.500000 -1.570796
18.640 6.000000 0.000000 1.500000 -1.570796
18.660 6.000000 0.000000 1.500000 -1.570796
18.680 6.000000 0.000000 1.500000 -1.570796
18.700 6.000000 0.000000 1.500000 -1.570796
18.720 6.000000 0.000000 1.500000 -1.570796
18.740 6.000000 0.000000 1.500000 -1.570796
18.760 6.000000 0.000000 1.500000 -1.570796
18.780 6.000000 0.000000 1.500000 -1.570796
18.800 6.000000 0.000000 1.500000 -1.570796
18.820 6.000000 0.000000 1.500000 -1.570796
18.840 6.000000 0.000000 1.500000 -1.570796
18.860 6.000000 0.000000 1.500000 -1.570796
18.880 6.000000 0.000000 1.500000 -1.570796
18.900 6.000000 0.000000 1.500000 -1.570796
18.920 6.000000 0.000000 1.500000 -1.570796
18.940 6.000000 0.000000 1.500000 -1.570796
18.960 6.000000 0.000000 1.500000 -1.570796
18.980 6.000000 0.000000 1.500000 -1.570796
19.000 6.000000 0.000000 1.500000 -1.570796
